10008
10012
10014
10024
10039
10042
10044
10048
10051
10068
10072
10074
10080
10080
10082
10090
10115
10121
10130
10131
10133
10134
10136
10139
10146
10148
10154
10158
10161
10161
10162
10169
10169
10175
10176
10178
10187
10189
10193
10194
10194
10199
10206
10207
10212
10221
10229
10230
10234
10235
10239
10243
10255
10271
10272
10275
10281
10287
10288
10290
10292
10292
10296
10298
10308
10312
10313
10316
10316
10320
10326
10328
10344
10346
10347
10354
10362
10365
10367
10368
10375
10378
10379
10384
10397
10402
10413
10423
10423
10431
10433
10435
10441
10458
10463
10465
10472
10476
10486
10495
10499
10499
10514
10519
10526
10528
10548
10550
10550
10558
10562
10567
10576
10578
10591
10592
10593
10603
10606
10608
10613
10617
10620
10624
10633
10638
10643
10650
10655
10658
10660
10666
10669
10673
10675
10676
10680
10681
10684
10687
10689
10692
10692
10700
10708
10710
10717
10718
10726
10726
10735
10736
10736
10737
10742
10755
10756
10761
10766
10778
10780
10786
10786
10790
10795
10806
10813
10816
10828
10830
10831
10834
10849
10854
10854
10863
10875
10876
10880
10883
10889
10895
10900
10901
10907
10917
10931
10937
10943
10946
10950
10955
10962
10966
10972
10974
10979
10986
10990
10994
10996
10999
11000
11004
11007
11008
11012
11013
11025
11028
11031
11037
11040
11040
11068
11072
11073
11074
11087
11088
11092
11094
11096
11105
11114
11120
11122
11135
11138
11157
11159
11160
11161
11161
11162
11166
11166
11172
11186
11187
11189
11193
11201
11209
11213
11216
11216
11223
11225
11230
11231
11231
11234
11250
11251
11252
11263
11271
11273
11279
11279
11280
11306
11311
11318
11321
11329
11343
11351
11354
11370
11373
11380
11383
11385
11389
11402
11406
11408
11412
11413
11414
11425
11427
11434
11435
11441
11449
11450
11453
11480
11493
11498
11504
11507
11513
11517
11520
11521
11522
11530
11542
11553
11558
11559
11571
11573
11581
11582
11586
11601
11606
11607
11612
11617
11618
11621
11634
11636
11644
11658
11660
11664
11684
11688
11696
11700
11715
11716
11720
11723
11728
11731
11736
11737
11749
11755
11756
11756
11763
11769
11773
11775
11778
11780
11787
11798
11800
11809
11812
11817
11828
11830
11842
11859
11867
11872
11874
11888
11890
11895
11896
11899
11902
11905
11907
11907
11911
11912
11913
11917
11919
11925
11931
11932
11939
11946
11959
11964
11967
11968
11975
11976
11978
11986
11988
11993
11996
11997
11998
11999
12003
12024
12025
12030
12030
12035
12036
12036
12037
12055
12060
12062
12065
12065
12069
12072
12074
12080
12083
12085
12102
12107
12114
12119
12119
12121
12132
12145
12153
12155
12158
12167
12170
12171
12176
12179
12181
12184
12194
12202
12211
12219
12222
12234
12237
12239
12242
12244
12248
12249
12253
12255
12262
12269
12277
12281
12282
12287
12293
12294
12307
12309
12310
12320
12327
12329
12333
12334
12338
12344
12361
12363
12366
12379
12387
12403
12405
12426
12427
12434
12440
12445
12450
12450
12461
12465
12469
12469
12470
12473
12474
12480
12488
12491
12492
12498
12504
12506
12511
12520
12529
12534
12536
12548
12549
12555
12559
12560
12564
12566
12567
12581
12582
12588
12594
12630
12634
12635
12639
12640
12654
12661
12668
12680
12682
12683
12685
12686
12698
12698
12702
12702
12705
12705
12709
12710
12713
12725
12727
12727
12729
12729
12732
12734
12739
12747
12748
12750
12753
12764
12766
12768
12770
12770
12770
12771
12779
12779
12783
12785
12791
12815
12820
12820
12824
12830
12834
12841
12847
12851
12854
12859
12875
12878
12891
12899
12908
12909
12910
12935
12944
12951
12962
12963
12965
12979
12979
12986
13001
13002
13002
13007
13010
13020
13024
13031
13033
13039
13040
13041
13048
13049
13064
13065
13073
13079
13102
13102
13109
13129
13135
13144
13145
13151
13159
13162
13170
13172
13177
13183
13187
13187
13192
13203
13203
13209
13222
13226
13248
13250
13256
13260
13260
13260
13262
13263
13265
13266
13276
13281
13283
13284
13288
13298
13298
13304
13304
13305
13305
13307
13312
13314
13315
13326
13328
13329
13334
13339
13346
13366
13371
13373
13381
13383
13389
13398
13406
13410
13415
13418
13426
13427
13442
13447
13448
13448
13451
13453
13454
13457
13458
13460
13469
13472
13473
13475
13476
13478
13481
13489
13490
13491
13493
13510
13513
13513
13526
13535
13549
13550
13550
13552
13553
13556
13556
13559
13560
13561
13568
13569
13576
13578
13585
13588
13589
13590
13592
13606
13606
13621
13629
13637
13638
13640
13643
13651
13661
13664
13664
13665
13672
13678
13679
13682
13684
13684
13688
13691
13697
13699
13703
13706
13707
13713
13716
13717
13719
13720
13722
13724
13730
13740
13745
13748
13749
13752
13755
13756
13761
13761
13766
13772
13782
13782
13783
13794
13795
13797
13797
13806
13808
13818
13826
13830
13832
13832
13839
13839
13843
13844
13847
13851
13857
13864
13880
13882
13885
13891
13901
13912
13913
13920
13923
13932
13934
13941
13943
13948
13949
13949
13964
13964
13971
13974
13974
13974
13975
13978
13990
14002
14006
14015
14016
14018
14021
14021
14025
14025
14027
14033
14035
14041
14052
14054
14057
14060
14062
14064
14065
14080
14082
14096
14101
14105
14109
14112
14116
14125
14128
14130
14132
14136
14137
14138
14142
14144
14147
14147
14154
14154
14159
14168
14168
14170
14192
14196
14207
14208
14210
14233
14235
14235
14236
14239
14251
14257
14260
14279
14285
14294
14297
14305
14307
14314
14326
14338
14340
14359
14365
14365
14366
14372
14372
14382
14385
14398
14398
14402
14410
14412
14418
14431
14437
14437
14442
14455
14458
14459
14468
14468
14470
14472
14475
14483
14485
14486
14498
14499
14507
14520
14530
14531
14543
14553
14554
14557
14562
14563
14570
14570
14572
14572
14574
14574
14577
14581
14586
14592
14608
14624
14640
14641
14653
14655
14688
14691
14692
14701
14705
14714
14727
14731
14732
14734
14736
14738
14754
14755
14760
14760
14761
14763
14766
14768
14777
14803
14816
14819
14825
14829
14830
14834
14835
14835
14848
14852
14852
14867
14873
14875
14876
14884
14885
14887
14893
14902
14903
14903
14907
14907
14907
14912
14913
14917
14921
14922
14933
14940
14946
14950
14952
14954
14955
14955
14956
14962
14967
14967
14968
14969
14971
14972
14978
14986
14998
14999
15003
15010
15016
15020
15020
15027
15037
15041
15046
15051
15066
15068
15069
15070
15079
15083
15088
15104
15114
15116
15117
15120
15158
15158
15161
15169
15169
15174
15179
15182
15186
15187
15189
15197
15203
15204
15208
15225
15227
15234
15235
15237
15242
15243
15245
15247
15247
15250
15253
15254
15255
15256
15258
15261
15263
15264
15269
15272
15273
15275
15279
15286
15287
15294
15301
15333
15351
15362
15363
15365
15371
15372
15374
15387
15402
15403
15404
15412
15414
15414
15420
15424
15430
15435
15448
15455
15460
15467
15468
15470
15474
15482
15487
15487
15490
15511
15512
15514
15515
15522
15527
15534
15539
15561
15567
15573
15577
15579
15587
15590
15591
15593
15598
15603
15607
15607
15611
15614
15618
15618
15627
15633
15633
15647
15649
15651
15652
15656
15663
15669
15670
15678
15683
15684
15703
15706
15714
15734
15735
15758
15760
15761
15764
15773
15774
15777
15777
15779
15783
15803
15811
15812
15818
15832
15838
15845
15846
15847
15848
15853
15855
15856
15857
15860
15862
15863
15868
15871
15875
15886
15886
15889
15891
15900
15904
15909
15909
15911
15912
15914
15916
15918
15919
15924
15925
15926
15930
15933
15950
15951
15963
15970
15970
15978
15978
15982
15985
15989
16012
16013
16014
16018
16024
16026
16028
16050
16056
16058
16061
16066
16071
16077
16079
16087
16092
16094
16105
16106
16117
16121
16125
16132
16138
16146
16148
16152
16152
16162
16178
16179
16180
16185
16190
16190
16192
16198
16205
16208
16211
16213
16215
16215
16226
16227
16228
16229
16233
16239
16251
16255
16256
16261
16267
16269
16275
16275
16283
16285
16298
16314
16322
16325
16325
16325
16326
16327
16328
16335
16335
16341
16346
16352
16352
16352
16363
16377
16379
16385
16389
16389
16390
16395
16410
16421
16433
16441
16443
16443
16443
16445
16447
16448
16451
16458
16461
16466
16471
16481
16491
16494
16495
16495
16497
16514
16520
16520
16520
16523
16531
16534
16546
16560
16562
16566
16571
16572
16574
16584
16597
16600
16602
16605
16607
16617
16618
16620
16629
16638
16641
16647
16654
16656
16664
16667
16668
16669
16681
16684
16690
16694
16703
16706
16708
16709
16720
16724
16731
16750
16753
16757
16766
16778
16778
16783
16784
16788
16791
16792
16804
16821
16821
16832
16847
16848
16852
16857
16875
16879
16896
16899
16911
16919
16921
16921
16928
16937
16938
16939
16939
16939
16939
16951
16959
16961
16965
16966
16967
16969
16970
16978
16981
16983
16990
16999
17001
17012
17027
17030
17031
17035
17036
17039
17051
17051
17060
17071
17080
17103
17104
17108
17108
17109
17129
17129
17132
17140
17142
17143
17155
17159
17163
17163
17166
17170
17170
17176
17178
17181
17181
17181
17186
17194
17200
17205
17210
17226
17229
17230
17233
17233
17234
17235
17251
17252
17255
17263
17273
17273
17273
17284
17285
17294
17295
17302
17303
17309
17310
17313
17314
17314
17345
17348
17354
17355
17356
17356
17361
17365
17378
17384
17391
17392
17393
17418
17424
17427
17438
17440
17441
17446
17451
17451
17451
17457
17464
17470
17473
17474
17476
17483
17488
17488
17489
17489
17495
17495
17517
17520
17523
17525
17553
17553
17554
17556
17559
17564
17578
17578
17582
17584
17586
17587
17588
17591
17593
17597
17600
17609
17614
17622
17630
17630
17632
17634
17638
17647
17648
17658
17658
17660
17661
17665
17674
17685
17687
17692
17698
17700
17700
17703
17707
17709
17738
17739
17755
17755
17758
17763
17764
17766
17773
17778
17779
17781
17786
17789
17789
17798
17810
17810
17817
17823
17834
17835
17836
17837
17839
17840
17841
17843
17852
17867
17867
17875
17893
17896
17898
17902
17904
17910
17915
17923
17924
17924
17928
17928
17940
17941
17955
17967
17969
17969
17973
17981
17981
17982
17997
17999
18001
18011
18018
18021
18025
18032
18033
18039
18042
18043
18051
18055
18057
18059
18069
18069
18073
18093
18097
18100
18112
18116
18118
18123
18125
18126
18147
18149
18160
18160
18161
18168
18172
18174
18176
18179
18189
18193
18229
18232
18232
18236
18238
18254
18260
18273
18277
18285
18292
18294
18295
18297
18306
18310
18317
18323
18323
18324
18346
18355
18358
18361
18376
18384
18386
18401
18405
18409
18417
18420
18423
18425
18439
18444
18444
18447
18447
18448
18448
18459
18466
18471
18506
18507
18513
18513
18537
18540
18544
18546
18552
18553
18555
18555
18555
18567
18570
18574
18590
18591
18592
18593
18593
18593
18605
18608
18611
18613
18613
18614
18614
18617
18620
18621
18628
18634
18635
18635
18639
18645
18647
18661
18665
18667
18676
18680
18681
18690
18695
18698
18700
18702
18704
18709
18717
18722
18725
18733
18737
18738
18739
18740
18741
18747
18747
18751
18752
18753
18759
18759
18774
18782
18786
18809
18817
18826
18837
18842
18844
18845
18846
18850
18851
18851
18853
18866
18874
18900
18916
18918
18927
18929
18931
18934
18937
18944
18945
18945
18946
18960
18961
18968
18969
18971
18974
18975
18975
18975
18982
18987
19004
19009
19019
19020
19035
19044
19047
19052
19052
19060
19060
19061
19066
19071
19076
19078
19078
19092
19097
19103
19105
19112
19122
19130
19139
19148
19152
19162
19164
19165
19168
19181
19184
19186
19190
19191
19199
19201
19203
19204
19205
19207
19209
19211
19212
19218
19222
19232
19236
19237
19238
19242
19253
19254
19257
19261
19273
19285
19286
19292
19297
19305
19314
19316
19329
19330
19338
19338
19343
19350
19352
19362
19365
19399
19404
19417
19428
19433
19433
19437
19444
19448
19450
19452
19458
19458
19475
19479
19482
19484
19485
19487
19488
19490
19491
19495
19498
19499
19502
19502
19513
19514
19514
19524
19531
19536
19547
19551
19557
19566
19572
19577
19585
19598
19607
19610
19618
19618
19619
19629
19634
19645
19654
19657
19664
19668
19673
19681
19689
19689
19691
19695
19697
19706
19710
19717
19717
19720
19732
19733
19747
19749
19752
19754
19758
19772
19774
19775
19786
19787
19793
19795
19799
19799
19800
19815
19824
19826
19834
19837
19838
19850
19854
19860
19863
19871
19875
19879
19889
19894
19899
19900
19902
19905
19907
19908
19909
19911
19918
19928
19943
19950
19952
19967
19969
19974
19976
19981
19987
19992
20002
20011
20012
20014
20023
20026
20027
20032
20036
20040
20044
20060
20068
20081
20086
20086
20088
20095
20099
20101
20103
20105
20110
20122
20127
20128
20128
20131
20134
20143
20149
20150
20170
20175
20176
20178
20186
20186
20190
20197
20200
20214
20215
20217
20221
20230
20231
20236
20241
20241
20258
20266
20273
20278
20283
20284
20286
20288
20295
20303
20306
20326
20331
20335
20339
20342
20347
20347
20349
20352
20361
20367
20377
20379
20379
20387
20390
20391
20392
20394
20396
20416
20416
20427
20431
20433
20434
20439
20448
20450
20453
20458
20464
20467
20483
20483
20486
20488
20499
20506
20510
20510
20526
20530
20533
20541
20550
20555
20564
20580
20585
20600
20606
20606
20608
20617
20625
20637
20637
20638
20643
20644
20650
20654
20657
20662
20662
20663
20667
20672
20677
20685
20687
20691
20693
20694
20702
20703
20705
20708
20708
20709
20710
20710
20715
20726
20727
20739
20745
20751
20758
20758
20762
20765
20779
20783
20785
20790
20792
20795
20797
20799
20803
20808
20810
20814
20816
20816
20827
20828
20838
20846
20852
20853
20854
20854
20861
20861
20864
20867
20869
20877
20879
20883
20888
20897
20898
20900
20903
20913
20917
20922
20931
20937
20941
20942
20947
20949
20962
20967
20967
20970
20970
20971
20983
20986
20989
20998
20998
21006
21018
21021
21025
21034
21038
21045
21051
21069
21069
21073
21074
21075
21075
21075
21077
21079
21079
21082
21084
21089
21089
21092
21092
21100
21106
21108
21109
21115
21120
21123
21126
21127
21128
21142
21146
21148
21155
21155
21169
21169
21176
21180
21187
21215
21222
21228
21232
21233
21234
21239
21244
21246
21248
21255
21257
21257
21264
21292
21302
21307
21310
21324
21325
21328
21330
21331
21336
21344
21352
21354
21358
21368
21371
21374
21379
21386
21391
21398
21400
21421
21429
21436
21436
21440
21453
21456
21461
21467
21472
21474
21493
21501
21503
21507
21514
21515
21518
21518
21527
21534
21541
21550
21553
21554
21556
21569
21577
21588
21588
21591
21596
21600
21611
21613
21614
21619
21624
21625
21627
21629
21629
21633
21639
21639
21658
21659
21662
21662
21663
21669
21674
21682
21684
21686
21692
21692
21694
21705
21711
21716
21718
21718
21720
21729
21729
21736
21736
21741
21741
21745
21746
21752
21752
21753
21753
21757
21772
21785
21792
21801
21801
21805
21825
21838
21840
21843
21850
21859
21872
21874
21903
21905
21905
21908
21910
21918
21923
21935
21943
21946
21959
21964
21964
21967
21968
21981
21990
21993
22000
22013
22015
22022
22025
22034
22034
22036
22055
22056
22063
22074
22085
22091
22093
22106
22109
22125
22125
22134
22136
22140
22151
22155
22155
22161
22162
22181
22182
22184
22188
22195
22196
22198
22208
22231
22235
22239
22240
22241
22243
22247
22255
22256
22261
22263
22264
22264
22264
22267
22272
22291
22293
22300
22302
22308
22315
22317
22318
22319
22319
22324
22334
22342
22354
22357
22367
22374
22374
22380
22386
22395
22397
22399
22399
22401
22403
22403
22403
22410
22410
22410
22420
22422
22423
22432
22434
22436
22442
22443
22461
22462
22465
22467
22468
22468
22479
22490
22491
22494
22498
22505
22506
22511
22512
22526
22527
22534
22541
22545
22546
22562
22562
22578
22583
22584
22608
22610
22614
22627
22632
22641
22647
22649
22652
22654
22667
22671
22673
22678
22690
22695
22702
22711
22715
22717
22717
22724
22737
22744
22758
22763
22765
22768
22768
22770
22775
22778
22780
22783
22790
22798
22805
22810
22814
22816
22821
22839
22845
22848
22860
22863
22865
22867
22873
22874
22877
22884
22885
22892
22893
22902
22904
22914
22918
22922
22925
22930
22951
22957
22958
22959
22973
22981
22984
22993
22999
23000
23009
23011
23023
23032
23048
23055
23063
23070
23077
23079
23079
23082
23082
23083
23091
23097
23098
23099
23100
23120
23120
23121
23122
23127
23128
23134
23136
23136
23140
23147
23147
23151
23155
23162
23168
23173
23173
23183
23189
23195
23199
23217
23225
23241
23248
23253
23262
23266
23275
23277
23282
23284
23285
23288
23300
23309
23311
23313
23315
23324
23336
23339
23343
23348
23355
23358
23359
23360
23360
23370
23388
23391
23392
23405
23406
23423
23424
23426
23427
23435
23437
23443
23443
23452
23455
23460
23462
23479
23482
23495
23497
23500
23503
23503
23510
23513
23526
23526
23527
23529
23531
23533
23534
23534
23548
23550
23562
23576
23577
23581
23582
23585
23588
23589
23597
23597
23600
23607
23612
23613
23619
23627
23632
23632
23634
23641
23652
23661
23669
23670
23675
23678
23684
23690
23693
23693
23693
23694
23700
23702
23707
23711
23726
23733
23734
23745
23748
23756
23761
23774
23775
23778
23779
23779
23782
23785
23785
23788
23808
23811
23811
23811
23814
23819
23822
23824
23830
23836
23836
23838
23843
23846
23846
23857
23860
23862
23871
23878
23886
23892
23894
23908
23908
23908
23925
23926
23927
23930
23934
23937
23941
23941
23945
23951
23952
23959
23959
23962
23963
23967
23978
23979
23984
23990
24004
24006
24010
24011
24021
24031
24033
24037
24047
24050
24054
24059
24059
24062
24065
24067
24069
24071
24073
24077
24088
24097
24104
24107
24107
24117
24118
24126
24126
24130
24131
24139
24146
24148
24168
24192
24203
24209
24221
24221
24238
24239
24253
24253
24258
24277
24281
24288
24290
24290
24295
24298
24299
24312
24320
24326
24342
24352
24358
24358
24359
24363
24369
24378
24379
24380
24380
24385
24391
24403
24404
24406
24417
24422
24424
24429
24430
24443
24443
24447
24450
24458
24462
24463
24468
24469
24474
24497
24498
24500
24501
24507
24513
24519
24519
24527
24538
24555
24563
24564
24565
24569
24573
24594
24601
24602
24603
24614
24619
24641
24642
24652
24663
24665
24666
24695
24696
24699
24702
24714
24719
24719
24720
24721
24730
24734
24735
24735
24741
24742
24745
24748
24751
24755
24757
24772
24780
24782
24784
24789
24791
24793
24816
24817
24820
24822
24824
24825
24828
24831
24832
24833
24835
24847
24857
24867
24870
24871
24875
24881
24886
24891
24892
24896
24901
24927
24934
24938
24954
24958
24959
24960
24961
24965
24966
24967
24971
24974
24975
24977
24981
24985
24985
24987
24994
25006
25007
25025
25028
25033
25035
25038
25043
25043
25050
25053
25054
25057
25058
25063
25067
25071
25076
25077
25079
25083
25084
25096
25098
25098
25103
25109
25109
25136
25147
25148
25149
25150
25160
25171
25175
25184
25185
25193
25203
25219
25221
25224
25228
25239
25240
25240
25243
25248
25254
25262
25273
25277
25279
25281
25284
25291
25294
25296
25312
25314
25317
25320
25320
25321
25324
25345
25358
25360
25362
25364
25369
25370
25371
25378
25379
25379
25380
25381
25391
25391
25392
25393
25396
25398
25407
25413
25415
25419
25423
25424
25433
25446
25451
25451
25452
25456
25456
25458
25462
25464
25470
25472
25477
25480
25484
25491
25492
25494
25496
25500
25504
25505
25512
25518
25519
25525
25532
25537
25538
25544
25546
25550
25553
25555
25558
25569
25571
25576
25584
25590
25619
25620
25622
25634
25637
25637
25638
25649
25651
25657
25664
25668
25671
25673
25684
25684
25684
25684
25687
25689
25696
25704
25708
25718
25727
25728
25730
25736
25739
25739
25754
25768
25769
25771
25773
25774
25776
25779
25781
25781
25791
25792
25795
25798
25816
25820
25826
25827
25828
25832
25839
25839
25840
25851
25858
25869
25869
25873
25880
25885
25887
25895
25897
25902
25912
25925
25925
25936
25969
25973
25974
25980
25982
25987
25995
26005
26007
26009
26010
26018
26018
26018
26018
26023
26023
26042
26046
26046
26053
26059
26062
26063
26064
26070
26083
26089
26090
26094
26096
26097
26097
26104
26108
26120
26125
26127
26128
26130
26133
26134
26146
26148
26150
26151
26156
26157
26160
26165
26169
26174
26186
26186
26189
26194
26212
26223
26234
26257
26272
26275
26279
26281
26289
26297
26300
26303
26304
26320
26323
26335
26338
26340
26345
26353
26356
26360
26364
26368
26370
26372
26377
26379
26381
26382
26389
26393
26396
26407
26412
26413
26417
26417
26418
26422
26423
26424
26429
26432
26442
26443
26443
26447
26448
26453
26465
26465
26488
26494
26503
26515
26521
26541
26543
26548
26555
26564
26566
26570
26576
26581
26581
26581
26587
26587
26587
26595
26599
26600
26601
26606
26610
26620
26627
26629
26635
26638
26646
26651
26655
26657
26663
26670
26671
26675
26691
26693
26696
26697
26700
26708
26728
26735
26744
26749
26757
26762
26772
26773
26783
26784
26787
26791
26800
26800
26803
26810
26811
26819
26820
26821
26825
26833
26834
26836
26843
26844
26846
26846
26851
26853
26861
26870
26871
26875
26879
26881
26898
26905
26906
26917
26924
26924
26924
26928
26928
26937
26942
26949
26954
26969
26969
26970
26970
26973
26976
26980
26981
26985
26996
27007
27008
27018
27024
27030
27043
27046
27067
27068
27073
27075
27075
27076
27077
27084
27086
27096
27097
27097
27099
27112
27120
27129
27145
27150
27150
27152
27163
27165
27167
27183
27184
27186
27193
27194
27198
27200
27210
27210
27213
27214
27216
27221
27222
27227
27234
27244
27246
27253
27253
27254
27260
27261
27261
27267
27267
27270
27272
27286
27286
27289
27293
27298
27300
27310
27312
27314
27315
27315
27317
27319
27321
27331
27331
27342
27344
27345
27346
27366
27367
27370
27370
27376
27380
27385
27386
27389
27402
27403
27406
27414
27426
27427
27434
27438
27443
27448
27455
27458
27489
27491
27496
27497
27503
27505
27505
27509
27525
27537
27539
27542
27546
27549
27549
27550
27555
27557
27561
27561
27563
27568
27575
27585
27590
27610
27617
27618
27620
27625
27630
27636
27639
27640
27651
27657
27658
27662
27663
27668
27671
27690
27693
27694
27695
27696
27697
27699
27714
27726
27729
27734
27736
27742
27744
27751
27755
27760
27760
27766
27770
27777
27783
27792
27795
27809
27811
27812
27826
27832
27832
27833
27842
27846
27860
27877
27878
27887
27898
27900
27907
27908
27916
27920
27924
27926
27930
27931
27933
27939
27946
27956
27957
27957
27958
27959
27967
27981
27981
27990
27991
28007
28007
28007
28014
28016
28029
28033
28036
28037
28041
28045
28046
28052
28055
28060
28074
28075
28080
28084
28089
28102
28116
28121
28132
28149
28150
28153
28162
28165
28170
28184
28191
28194
28204
28204
28208
28212
28223
28232
28238
28239
28241
28257
28258
28263
28272
28278
28279
28291
28304
28318
28323
28325
28327
28331
28332
28332
28342
28348
28351
28356
28366
28366
28371
28375
28387
28390
28391
28398
28400
28405
28408
28415
28424
28429
28441
28451
28456
28457
28459
28484
28485
28490
28491
28500
28502
28505
28506
28511
28513
28514
28515
28519
28520
28521
28527
28530
28539
28539
28545
28555
28581
28587
28589
28592
28597
28601
28603
28605
28605
28606
28608
28614
28615
28616
28618
28619
28623
28635
28638
28639
28642
28648
28662
28662
28663
28663
28667
28669
28675
28686
28687
28697
28725
28727
28739
28746
28753
28760
28761
28764
28768
28771
28773
28774
28778
28782
28782
28784
28790
28795
28804
28805
28806
28813
28815
28816
28832
28832
28835
28835
28842
28847
28855
28857
28858
28863
28866
28871
28871
28886
28886
28887
28888
28888
28903
28915
28919
28933
28941
28956
28960
28960
28962
28988
29011
29016
29029
29036
29042
29046
29057
29059
29066
29071
29072
29081
29084
29086
29097
29097
29102
29108
29110
29113
29119
29121
29123
29135
29138
29145
29150
29157
29159
29162
29164
29172
29174
29187
29193
29201
29206
29219
29224
29232
29254
29255
29255
29267
29269
29273
29278
29278
29285
29286
29287
29292
29294
29294
29297
29312
29319
29323
29325
29325
29326
29326
29328
29328
29336
29337
29342
29344
29357
29360
29365
29366
29372
29376
29378
29378
29381
29385
29393
29395
29402
29410
29422
29422
29425
29442
29448
29449
29462
29463
29468
29473
29476
29476
29483
29497
29509
29515
29516
29516
29519
29519
29523
29523
29526
29545
29549
29551
29554
29555
29559
29565
29565
29574
29575
29583
29584
29589
29596
29599
29609
29616
29617
29624
29637
29639
29641
29647
29652
29654
29660
29663
29675
29681
29686
29690
29691
29702
29702
29703
29707
29708
29711
29712
29727
29728
29730
29731
29731
29732
29736
29737
29740
29744
29744
29753
29772
29773
29775
29788
29789
29793
29793
29794
29799
29802
29804
29810
29811
29811
29812
29819
29820
29831
29833
29837
29843
29850
29851
29856
29867
29870
29874
29879
29885
29887
29903
29908
29911
29913
29920
29923
29928
29945
29946
29966
29969
29970
29970
29972
29990
29991
29997
30007
30007
30011
30013
30024
30031
30034
30043
30044
30045
30050
30053
30059
30060
30060
30060
30072
30074
30076
30077
30084
30095
30102
30104
30111
30114
30117
30125
30125
30127
30129
30141
30148
30150
30158
30158
30161
30163
30168
30170
30178
30178
30189
30191
30193
30203
30207
30207
30209
30210
30219
30226
30229
30236
30251
30252
30256
30270
30277
30279
30292
30293
30304
30305
30305
30312
30321
30323
30325
30328
30333
30340
30341
30342
30342
30348
30349
30356
30359
30361
30362
30363
30372
30377
30381
30384
30387
30391
30400
30403
30418
30439
30439
30448
30454
30466
30471
30474
30479
30484
30485
30487
30489
30491
30493
30494
30505
30528
30542
30543
30545
30547
30551
30554
30557
30573
30578
30587
30594
30597
30600
30605
30606
30615
30618
30628
30638
30647
30651
30659
30663
30668
30672
30673
30674
30677
30683
30684
30684
30688
30690
30694
30704
30706
30721
30721
30724
30732
30733
30736
30739
30744
30746
30753
30753
30754
30765
30771
30774
30775
30786
30786
30796
30797
30797
30799
30802
30809
30809
30814
30842
30844
30850
30852
30856
30863
30864
30870
30874
30879
30884
30890
30892
30899
30902
30903
30908
30923
30926
30939
30941
30943
30946
30963
30978
30980
30984
30986
30987
30987
30988
30988
30993
31004
31010
31011
31012
31017
31031
31035
31035
31039
31042
31047
31048
31048
31048
31048
31052
31053
31059
31073
31076
31076
31078
31079
31080
31084
31086
31086
31092
31100
31108
31108
31111
31115
31120
31121
31127
31129
31132
31135
31136
31136
31139
31142
31146
31148
31157
31159
31160
31166
31167
31168
31171
31184
31196
31210
31210
31219
31241
31242
31243
31259
31260
31269
31273
31284
31284
31287
31288
31289
31291
31298
31303
31319
31319
31324
31327
31327
31331
31331
31332
31332
31342
31344
31359
31361
31367
31379
31381
31400
31405
31405
31419
31435
31435
31437
31440
31440
31448
31451
31453
31457
31463
31471
31472
31477
31480
31484
31488
31527
31531
31535
31537
31538
31539
31541
31547
31547
31560
31563
31571
31585
31591
31592
31593
31598
31600
31604
31619
31620
31638
31643
31645
31647
31650
31669
31670
31672
31674
31675
31676
31678
31682
31684
31685
31689
31695
31710
31713
31714
31718
31724
31728
31728
31730
31742
31746
31751
31755
31755
31763
31768
31783
31786
31789
31790
31791
31793
31796
31797
31798
31807
31810
31819
31820
31831
31841
31845
31849
31850
31855
31861
31866
31867
31870
31889
31892
31901
31903
31911
31911
31914
31914
31916
31917
31931
31936
31942
31942
31942
31946
31954
31956
31964
31971
31976
31978
31980
31993
32000
32000
32011
32019
32022
32031
32033
32035
32037
32037
32050
32074
32076
32088
32090
32095
32095
32100
32107
32108
32109
32110
32113
32120
32121
32124
32124
32127
32139
32142
32146
32146
32154
32163
32167
32169
32171
32174
32178
32186
32188
32189
32200
32214
32215
32221
32240
32250
32252
32252
32252
32253
32253
32259
32259
32262
32268
32270
32270
32277
32282
32287
32287
32300
32315
32315
32327
32327
32328
32333
32334
32338
32356
32363
32365
32371
32375
32385
32392
32402
32404
32405
32421
32429
32435
32443
32448
32451
32453
32464
32467
32472
32478
32479
32480
32483
32486
32487
32500
32509
32511
32511
32517
32517
32529
32529
32537
32553
32556
32559
32561
32561
32562
32563
32564
32575
32584
32586
32609
32618
32629
32636
32637
32637
32641
32642
32642
32644
32654
32659
32662
32664
32666
32673
32677
32686
32686
32686
32692
32697
32700
32709
32729
32731
32733
32734
32736
32740
32750
32750
32770
32770
32772
32774
32776
32777
32781
32785
32790
32793
32810
32812
32818
32822
32825
32827
32830
32831
32846
32851
32852
32853
32861
32865
32868
32871
32888
32890
32898
32915
32918
32923
32926
32926
32964
32964
32966
32968
32973
32978
32981
32981
32987
32992
33006
33006
33015
33034
33035
33047
33049
33050
33054
33058
33058
33076
33084
33099
33099
33106
33107
33108
33111
33113
33118
33127
33132
33151
33152
33165
33165
33174
33181
33183
33192
33195
33197
33199
33203
33205
33205
33205
33215
33215
33215
33216
33220
33233
33235
33237
33240
33255
33256
33260
33262
33266
33268
33275
33277
33281
33283
33285
33302
33305
33312
33312
33324
33328
33330
33331
33338
33344
33347
33350
33352
33353
33362
33368
33371
33372
33372
33373
33374
33389
33394
33414
33414
33424
33427
33430
33431
33431
33433
33436
33437
33441
33447
33447
33450
33458
33464
33471
33477
33483
33486
33494
33498
33498
33506
33506
33507
33513
33517
33525
33526
33530
33545
33547
33551
33556
33556
33566
33566
33567
33569
33578
33581
33582
33586
33588
33589
33592
33604
33604
33604
33606
33611
33616
33630
33632
33634
33643
33645
33648
33651
33654
33654
33658
33662
33663
33663
33666
33666
33668
33670
33693
33694
33714
33721
33726
33734
33742
33748
33759
33760
33761
33764
33766
33767
33768
33774
33774
33775
33777
33780
33785
33795
33795
33809
33812
33814
33817
33822
33824
33826
33832
33836
33840
33843
33843
33844
33845
33850
33851
33853
33861
33868
33872
33872
33876
33876
33877
33881
33883
33885
33887
33903
33907
33910
33910
33914
33918
33928
33932
33938
33939
33950
33962
33965
33989
33992
34001
34004
34006
34008
34014
34025
34033
34045
34049
34051
34051
34052
34053
34057
34059
34060
34083
34085
34088
34098
34099
34103
34105
34106
34107
34107
34109
34126
34145
34148
34155
34157
34169
34173
34178
34190
34190
34204
34208
34211
34214
34218
34220
34222
34226
34233
34237
34247
34252
34253
34254
34263
34264
34269
34269
34275
34276
34280
34285
34289
34296
34297
34302
34307
34314
34332
34335
34340
34350
34355
34360
34367
34376
34377
34380
34382
34382
34389
34390
34394
34395
34396
34401
34405
34408
34410
34410
34411
34424
34425
34430
34435
34438
34449
34449
34450
34455
34458
34461
34461
34466
34471
34474
34475
34478
34481
34485
34502
34507
34510
34518
34520
34530
34532
34534
34545
34550
34554
34558
34562
34566
34571
34573
34574
34581
34581
34588
34589
34594
34595
34596
34597
34602
34609
34610
34611
34621
34639
34642
34645
34646
34647
34653
34660
34666
34667
34670
34670
34670
34671
34675
34684
34686
34690
34693
34699
34716
34716
34717
34729
34731
34740
34751
34765
34768
34769
34782
34783
34790
34790
34798
34801
34810
34811
34814
34821
34822
34827
34849
34861
34865
34870
34875
34900
34904
34906
34906
34907
34908
34913
34916
34916
34917
34922
34931
34937
34961
34970
34970
34973
34973
34974
34984
34988
34991
34995
35001
35015
35028
35034
35044
35046
35052
35053
35055
35055
35057
35057
35057
35066
35067
35068
35078
35088
35089
35095
35097
35098
35099
35112
35114
35118
35122
35122
35122
35124
35128
35141
35143
35143
35155
35164
35172
35174
35180
35182
35192
35204
35205
35215
35219
35225
35225
35226
35227
35229
35230
35235
35238
35243
35244
35245
35248
35252
35261
35265
35270
35275
35281
35291
35292
35296
35302
35304
35307
35321
35321
35322
35330
35332
35334
35335
35339
35340
35347
35356
35358
35367
35369
35374
35425
35426
35427
35435
35437
35441
35446
35452
35457
35461
35462
35464
35469
35473
35477
35478
35484
35492
35493
35504
35514
35531
35554
35558
35566
35576
35579
35580
35581
35600
35601
35605
35612
35640
35642
35650
35650
35651
35654
35657
35670
35670
35671
35673
35677
35680
35693
35702
35704
35712
35713
35731
35747
35758
35760
35770
35777
35782
35782
35783
35784
35797
35810
35814
35817
35829
35830
35831
35833
35833
35843
35844
35845
35850
35853
35855
35856
35872
35873
35877
35881
35883
35885
35886
35886
35890
35895
35896
35919
35923
35929
35930
35931
35931
35936
35939
35940
35942
35943
35947
35948
35948
35954
35959
35963
35972
35973
35974
35993
36000
36000
36003
36010
36013
36056
36058
36068
36083
36089
36090
36090
36090
36090
36095
36098
36104
36106
36117
36127
36128
36129
36134
36134
36136
36137
36143
36149
36151
36153
36158
36159
36160
36164
36166
36176
36183
36184
36185
36186
36195
36218
36218
36218
36220
36221
36223
36224
36228
36238
36252
36253
36253
36259
36264
36268
36269
36272
36275
36282
36288
36295
36298
36302
36303
36314
36324
36326
36329
36330
36331
36332
36338
36349
36365
36366
36367
36374
36378
36385
36388
36392
36409
36410
36411
36415
36421
36424
36435
36436
36437
36439
36455
36457
36460
36461
36462
36466
36468
36475
36477
36478
36485
36489
36496
36497
36498
36503
36519
36520
36525
36533
36539
36551
36564
36568
36594
36598
36603
36612
36612
36623
36628
36629
36641
36642
36660
36662
36663
36670
36677
36677
36681
36690
36693
36695
36697
36698
36699
36699
36704
36704
36712
36714
36715
36715
36716
36731
36734
36739
36740
36740
36741
36744
36752
36759
36759
36769
36786
36803
36838
36856
36856
36864
36865
36869
36871
36876
36878
36879
36880
36888
36908
36908
36912
36926
36930
36933
36934
36936
36943
36944
36945
36953
36955
36961
36969
36976
36979
36980
36983
36988
36991
37002
37010
37012
37017
37023
37025
37033
37033
37037
37039
37042
37046
37047
37053
37054
37061
37062
37062
37064
37067
37069
37080
37080
37085
37096
37110
37116
37120
37127
37133
37134
37136
37143
37160
37161
37168
37176
37178
37180
37181
37181
37183
37194
37201
37203
37204
37207
37207
37237
37253
37260
37266
37266
37278
37289
37289
37292
37293
37294
37294
37296
37299
37308
37310
37324
37329
37329
37336
37347
37349
37351
37354
37356
37364
37365
37367
37378
37383
37384
37390
37392
37396
37396
37396
37399
37400
37401
37402
37414
37425
37429
37437
37437
37439
37450
37450
37452
37453
37456
37459
37459
37462
37469
37489
37492
37494
37498
37502
37505
37505
37506
37508
37514
37515
37517
37520
37529
37536
37537
37539
37546
37549
37551
37555
37557
37568
37573
37582
37587
37599
37606
37610
37617
37620
37625
37625
37625
37625
37628
37640
37644
37645
37653
37670
37691
37698
37699
37706
37707
37709
37712
37719
37723
37724
37724
37725
37734
37735
37740
37749
37751
37759
37762
37762
37764
37769
37770
37772
37772
37773
37773
37786
37791
37797
37797
37813
37823
37825
37827
37828
37842
37842
37844
37845
37846
37864
37865
37873
37875
37881
37885
37892
37898
37898
37900
37901
37906
37908
37909
37922
37927
37927
37930
37937
37945
37946
37946
37947
37951
37954
37960
37960
37963
37972
37973
37975
37982
37993
38001
38003
38006
38011
38017
38019
38019
38030
38031
38034
38034
38052
38058
38063
38064
38080
38080
38083
38091
38092
38093
38098
38103
38109
38118
38126
38126
38128
38132
38134
38136
38136
38143
38148
38149
38158
38164
38167
38178
38181
38185
38191
38200
38201
38209
38218
38224
38224
38226
38232
38235
38237
38242
38245
38247
38253
38258
38271
38277
38277
38278
38286
38291
38291
38300
38302
38303
38305
38308
38313
38313
38321
38328
38330
38347
38350
38378
38380
38382
38387
38388
38394
38402
38416
38426
38430
38432
38441
38443
38464
38464
38468
38471
38473
38478
38479
38489
38503
38506
38510
38524
38526
38528
38530
38532
38540
38544
38544
38550
38553
38555
38562
38563
38568
38576
38578
38580
38590
38591
38594
38598
38600
38616
38617
38631
38646
38651
38657
38661
38668
38677
38685
38687
38692
38698
38707
38720
38720
38726
38732
38738
38739
38752
38757
38758
38770
38773
38773
38790
38797
38814
38822
38826
38839
38839
38844
38847
38847
38850
38854
38857
38866
38873
38881
38884
38884
38887
38896
38899
38900
38903
38906
38906
38925
38930
38933
38936
38956
38973
38986
38990
38990
39001
39003
39008
39022
39023
39029
39030
39035
39040
39047
39055
39068
39072
39074
39075
39083
39084
39086
39090
39092
39093
39107
39113
39122
39129
39130
39132
39136
39136
39138
39149
39152
39152
39154
39163
39176
39185
39190
39191
39198
39200
39201
39203
39219
39238
39238
39245
39247
39248
39251
39271
39276
39278
39297
39298
39313
39316
39317
39319
39321
39336
39338
39338
39345
39346
39350
39353
39357
39370
39374
39389
39390
39396
39401
39403
39405
39411
39418
39425
39427
39429
39430
39433
39436
39454
39462
39466
39474
39480
39492
39493
39497
39505
39512
39513
39538
39544
39545
39548
39548
39551
39554
39555
39556
39560
39567
39568
39572
39574
39576
39577
39583
39602
39604
39605
39607
39610
39610
39613
39616
39617
39617
39623
39625
39627
39628
39629
39630
39637
39637
39639
39640
39641
39646
39649
39653
39654
39658
39665
39676
39681
39682
39688
39695
39699
39718
39729
39732
39736
39740
39741
39744
39746
39749
39749
39749
39749
39750
39754
39755
39756
39760
39770
39770
39772
39773
39776
39776
39785
39786
39797
39814
39815
39819
39828
39831
39845
39850
39851
39852
39857
39862
39864
39867
39871
39876
39881
39883
39888
39907
39907
39912
39913
39921
39923
39924
39934
39940
39946
39948
39949
39951
39952
39954
39959
39959
39972
39976
39980
39992
39996
40000
40002
40004
40004
40005
40011
40014
40025
40031
40033
40036
40047
40059
40067
40071
40077
40100
40104
40108
40109
40112
40112
40123
40144
40145
40147
40158
40163
40165
40165
40169
40171
40174
40176
40177
40210
40213
40222
40234
40239
40240
40245
40247
40256
40261
40267
40268
40269
40270
40270
40276
40277
40279
40279
40283
40290
40304
40307
40310
40313
40318
40321
40338
40339
40339
40351
40351
40362
40362
40365
40370
40374
40374
40376
40377
40380
40386
40387
40388
40389
40392
40393
40404
40405
40411
40412
40413
40421
40427
40428
40444
40454
40455
40459
40465
40470
40472
40474
40476
40488
40492
40493
40496
40502
40503
40511
40517
40518
40520
40544
40545
40549
40553
40557
40558
40558
40562
40563
40567
40567
40578
40584
40588
40589
40592
40595
40599
40601
40602
40611
40612
40615
40622
40624
40631
40637
40645
40645
40651
40661
40662
40665
40665
40672
40682
40683
40684
40685
40685
40688
40698
40704
40704
40706
40706
40710
40722
40728
40733
40736
40745
40756
40763
40770
40783
40804
40809
40815
40817
40834
40835
40844
40848
40857
40857
40858
40865
40901
40907
40915
40917
40919
40923
40945
40954
40955
40957
40957
40957
40959
40967
40971
40972
40975
40976
40979
40982
40996
40999
41000
41015
41016
41016
41023
41031
41032
41036
41036
41040
41044
41057
41060
41070
41078
41083
41089
41091
41094
41098
41099
41099
41107
41108
41114
41125
41130
41137
41140
41159
41167
41170
41171
41172
41172
41173
41173
41181
41189
41191
41195
41195
41200
41204
41211
41218
41219
41227
41228
41232
41232
41235
41236
41252
41259
41260
41262
41266
41286
41292
41292
41295
41303
41308
41311
41314
41316
41317
41331
41337
41339
41340
41340
41341
41351
41352
41357
41359
41363
41369
41375
41377
41383
41391
41391
41392
41393
41394
41396
41401
41404
41407
41410
41411
41411
41417
41421
41436
41444
41446
41449
41449
41451
41453
41456
41456
41469
41471
41481
41489
41492
41496
41507
41510
41514
41518
41520
41524
41543
41550
41551
41558
41573
41574
41586
41587
41592
41604
41614
41615
41616
41616
41622
41628
41640
41645
41657
41663
41664
41668
41670
41673
41678
41685
41685
41699
41711
41712
41719
41722
41733
41740
41744
41748
41749
41751
41753
41759
41765
41778
41778
41779
41783
41784
41797
41799
41811
41815
41824
41842
41846
41848
41857
41863
41868
41869
41875
41875
41876
41878
41887
41898
41902
41904
41912
41919
41949
41959
41961
41965
41966
41979
41981
41990
41991
42011
42014
42021
42024
42031
42032
42036
42038
42038
42038
42046
42047
42047
42047
42053
42053
42058
42063
42074
42084
42089
42089
42091
42095
42100
42109
42122
42125
42131
42146
42147
42155
42160
42165
42167
42191
42196
42200
42201
42207
42209
42210
42219
42224
42234
42237
42243
42254
42255
42264
42265
42278
42290
42296
42300
42301
42302
42306
42311
42326
42326
42327
42329
42333
42333
42337
42338
42339
42342
42357
42366
42367
42377
42378
42390
42406
42408
42414
42417
42419
42419
42419
42422
42423
42424
42427
42447
42448
42461
42487
42487
42490
42493
42493
42499
42510
42514
42528
42543
42561
42570
42575
42579
42586
42588
42588
42593
42602
42607
42609
42630
42637
42640
42647
42652
42654
42660
42665
42668
42670
42675
42692
42695
42696
42703
42709
42712
42712
42715
42720
42721
42721
42734
42740
42754
42754
42762
42767
42773
42777
42783
42786
42787
42795
42801
42802
42807
42808
42813
42828
42833
42835
42836
42837
42838
42840
42840
42842
42844
42848
42851
42852
42853
42862
42863
42867
42870
42876
42877
42887
42892
42893
42896
42898
42903
42913
42923
42931
42933
42935
42937
42943
42945
42946
42946
42948
42956
42963
42964
42965
42978
42980
42981
42983
42983
42996
43001
43009
43020
43025
43025
43026
43030
43043
43044
43046
43046
43048
43060
43061
43067
43068
43081
43094
43097
43097
43108
43112
43122
43133
43136
43143
43146
43154
43163
43169
43172
43188
43188
43190
43196
43211
43221
43226
43226
43228
43229
43238
43239
43241
43246
43246
43252
43257
43258
43270
43271
43272
43284
43292
43298
43300
43300
43308
43318
43318
43326
43327
43330
43331
43343
43345
43348
43352
43355
43360
43367
43369
43384
43387
43392
43393
43393
43400
43410
43420
43422
43423
43431
43435
43436
43442
43450
43450
43450
43452
43459
43461
43465
43466
43466
43496
43506
43513
43530
43531
43542
43549
43565
43583
43584
43585
43588
43596
43611
43612
43612
43614
43616
43621
43625
43632
43635
43636
43638
43644
43651
43656
43659
43672
43672
43676
43681
43682
43689
43690
43691
43693
43698
43710
43716
43718
43721
43723
43727
43730
43732
43744
43745
43745
43746
43747
43747
43749
43763
43763
43766
43767
43768
43772
43775
43778
43784
43796
43807
43807
43809
43827
43831
43832
43832
43841
43846
43847
43848
43849
43849
43860
43862
43862
43864
43868
43870
43887
43892
43900
43904
43916
43917
43924
43929
43942
43946
43949
43956
43959
43959
43959
43970
43972
43981
43987
43991
43994
44006
44009
44010
44020
44025
44026
44032
44044
44045
44045
44046
44053
44062
44066
44071
44075
44077
44082
44085
44095
44095
44112
44113
44118
44119
44121
44126
44128
44130
44136
44141
44147
44148
44153
44166
44169
44183
44188
44189
44189
44192
44193
44198
44202
44202
44209
44227
44231
44241
44243
44248
44250
44274
44283
44294
44300
44303
44310
44310
44315
44317
44320
44321
44327
44335
44335
44344
44349
44349
44357
44362
44366
44369
44371
44386
44390
44398
44398
44400
44407
44411
44411
44412
44416
44423
44428
44447
44451
44455
44457
44459
44468
44470
44486
44490
44491
44494
44496
44496
44504
44510
44515
44517
44524
44528
44533
44534
44543
44549
44556
44560
44560
44561
44561
44563
44564
44572
44577
44579
44580
44580
44594
44604
44604
44606
44613
44614
44616
44616
44629
44640
44647
44649
44650
44661
44678
44680
44682
44693
44694
44695
44699
44701
44702
44702
44708
44711
44713
44719
44722
44727
44739
44750
44750
44754
44759
44760
44767
44770
44772
44775
44776
44783
44787
44789
44793
44796
44801
44803
44815
44824
44825
44827
44828
44841
44844
44846
44854
44856
44865
44866
44870
44880
44883
44891
44893
44907
44907
44911
44911
44916
44916
44921
44924
44930
44940
44944
44962
44962
44963
44964
44979
44979
44979
44983
44992
44998
45001
45013
45013
45014
45015
45027
45028
45028
45032
45033
45034
45040
45041
45046
45048
45050
45055
45075
45085
45086
45089
45089
45097
45101
45102
45108
45114
45117
45117
45119
45122
45129
45132
45134
45138
45139
45143
45146
45148
45148
45151
45169
45175
45176
45178
45187
45188
45190
45192
45194
45196
45198
45198
45200
45202
45204
45208
45209
45225
45228
45239
45242
45248
45251
45252
45257
45259
45260
45260
45264
45267
45270
45271
45271
45276
45284
45286
45287
45302
45315
45315
45326
45329
45329
45331
45337
45341
45344
45351
45352
45366
45367
45383
45385
45389
45390
45392
45394
45398
45398
45399
45411
45420
45421
45424
45428
45432
45433
45433
45440
45443
45443
45447
45453
45465
45468
45469
45471
45480
45482
45484
45491
45494
45495
45504
45511
45514
45516
45521
45535
45552
45557
45558
45560
45565
45584
45587
45606
45611
45613
45619
45621
45625
45627
45629
45635
45640
45643
45662
45674
45676
45677
45677
45682
45686
45705
45706
45708
45711
45717
45720
45722
45722
45723
45728
45732
45733
45742
45743
45748
45757
45758
45770
45773
45779
45779
45784
45795
45796
45797
45797
45800
45810
45818
45818
45822
45828
45830
45838
45849
45851
45854
45861
45862
45871
45873
45874
45881
45889
45903
45916
45919
45921
45932
45935
45938
45941
45943
45954
45955
45957
45963
45966
45966
45971
45975
45979
45997
46010
46015
46015
46020
46025
46035
46045
46049
46054
46055
46055
46067
46069
46072
46082
46089
46110
46116
46123
46125
46126
46129
46131
46134
46137
46137
46142
46143
46144
46144
46146
46148
46162
46164
46170
46174
46187
46192
46198
46198
46204
46213
46214
46222
46222
46224
46243
46260
46262
46268
46272
46273
46291
46292
46301
46319
46323
46326
46328
46330
46343
46348
46349
46351
46352
46358
46360
46371
46373
46384
46387
46393
46394
46397
46403
46404
46409
46413
46418
46425
46432
46436
46436
46441
46453
46454
46456
46457
46457
46463
46471
46474
46474
46475
46476
46479
46482
46490
46494
46519
46523
46523
46527
46548
46569
46569
46572
46576
46576
46578
46584
46585
46585
46585
46585
46589
46590
46612
46614
46636
46651
46652
46655
46656
46662
46666
46691
46697
46699
46702
46705
46707
46717
46730
46751
46762
46772
46773
46780
46781
46782
46782
46786
46790
46811
46813
46828
46836
46840
46852
46863
46870
46876
46878
46879
46882
46888
46899
46903
46904
46907
46908
46908
46912
46913
46930
46930
46934
46946
46947
46953
46956
46972
46987
46987
46989
46992
46992
46998
46999
47002
47004
47004
47006
47012
47018
47020
47036
47036
47038
47043
47047
47048
47051
47053
47054
47056
47061
47068
47075
47086
47099
47101
47102
47103
47104
47114
47114
47116
47116
47126
47129
47131
47142
47145
47146
47159
47160
47166
47176
47198
47201
47202
47202
47203
47207
47207
47213
47213
47217
47223
47228
47236
47238
47241
47242
47243
47245
47245
47247
47248
47254
47258
47259
47264
47272
47275
47277
47281
47283
47288
47293
47293
47298
47301
47305
47312
47313
47322
47322
47328
47329
47332
47352
47358
47359
47365
47366
47373
47378
47385
47390
47393
47393
47412
47415
47416
47418
47424
47424
47427
47428
47434
47442
47444
47454
47465
47467
47471
47476
47478
47479
47479
47489
47490
47501
47501
47504
47507
47518
47519
47522
47522
47524
47525
47530
47533
47545
47547
47551
47561
47567
47570
47573
47573
47573
47580
47580
47582
47587
47588
47589
47595
47601
47602
47615
47636
47639
47641
47642
47644
47661
47661
47664
47684
47687
47701
47711
47716
47724
47729
47732
47742
47747
47749
47755
47761
47762
47762
47762
47780
47781
47785
47788
47791
47791
47799
47800
47800
47801
47802
47803
47820
47825
47834
47839
47843
47844
47846
47849
47851
47855
47858
47861
47863
47865
47868
47875
47878
47878
47879
47895
47912
47914
47922
47926
47930
47934
47936
47938
47948
47958
47960
47961
47987
47987
48001
48013
48013
48029
48031
48032
48038
48046
48049
48053
48054
48054
48056
48064
48066
48067
48073
48083
48084
48084
48085
48092
48099
48105
48106
48106
48143
48143
48145
48147
48149
48150
48152
48160
48161
48163
48180
48194
48197
48202
48212
48212
48215
48217
48224
48231
48232
48253
48269
48274
48286
48296
48301
48305
48308
48326
48328
48329
48329
48330
48330
48332
48335
48339
48340
48342
48342
48342
48343
48344
48345
48348
48349
48350
48352
48356
48365
48367
48377
48377
48380
48386
48396
48406
48412
48415
48418
48419
48424
48433
48433
48433
48446
48450
48451
48454
48458
48464
48467
48468
48481
48486
48493
48499
48509
48515
48516
48524
48529
48530
48534
48537
48552
48557
48573
48573
48575
48575
48580
48590
48592
48592
48592
48594
48596
48597
48597
48601
48605
48607
48620
48620
48621
48631
48636
48637
48642
48653
48653
48657
48658
48670
48672
48675
48682
48682
48688
48694
48702
48703
48711
48716
48717
48721
48734
48736
48740
48753
48763
48764
48770
48773
48776
48778
48778
48778
48789
48794
48799
48805
48809
48814
48816
48817
48817
48827
48833
48844
48869
48873
48876
48887
48887
48894
48899
48906
48906
48911
48924
48929
48931
48931
48940
48944
48944
48976
48977
48980
48995
48998
48999
49003
49008
49008
49013
49019
49022
49022
49023
49028
49047
49057
49059
49060
49061
49062
49069
49073
49077
49077
49086
49105
49113
49119
49139
49140
49140
49142
49142
49143
49149
49150
49157
49158
49162
49166
49169
49179
49184
49190
49194
49210
49216
49217
49222
49223
49228
49228
49232
49233
49234
49236
49237
49238
49244
49247
49248
49249
49264
49264
49271
49274
49275
49289
49292
49294
49295
49296
49307
49313
49314
49318
49323
49324
49326
49331
49331
49339
49342
49343
49349
49349
49357
49361
49362
49373
49374
49375
49381
49382
49382
49382
49387
49388
49394
49399
49403
49406
49407
49407
49415
49416
49417
49424
49424
49442
49451
49458
49475
49477
49477
49480
49481
49500
49500
49503
49506
49509
49511
49517
49530
49532
49541
49542
49546
49556
49563
49570
49576
49578
49581
49582
49588
49588
49602
49607
49608
49610
49614
49617
49629
49633
49645
49650
49652
49660
49662
49671
49679
49688
49693
49697
49702
49711
49713
49714
49719
49725
49728
49731
49734
49734
49739
49741
49742
49745
49746
49748
49751
49755
49772
49772
49777
49785
49787
49807
49814
49815
49824
49824
49826
49827
49827
49832
49838
49841
49843
49847
49847
49849
49852
49857
49858
49864
49870
49882
49886
49889
49893
49896
49898
49908
49909
49911
49918
49926
49926
49927
49933
49940
49961
49970
49971
49974
49976
49990
49991
49992
