14499
35477
42487
16152
29097
34049
45032
49023
16152
29097
23941
30292
48073
38303
42867
39770
37610
12859
48592
49824
23195
44750
20110
26581
14531
26127
49047
19786
40901
10875
16352
23437
41664
32733
46656
20002
33050
27008
25792
25718
24564
39023
13535
23652
18738
30941
27991
12255
27099
45146
22848
25620
44629
18739
20306
35473
34693
22093
32659
27959
45800
39845
41170
10194
49500
39785
18826
32088
39149
15911
31048
26046
48332
49886
22627
22443
32831
41711
48887
48147
31327
26360
45514
36496
34269
11997
18845
23632
17051
30043
20486
37973
22136
21244
13373
28527
28014
43929
42801
33872
45795
30129
41673
40817
10737
18960
33174
35281
24358
48906
10591
46148
16951
24238
49503
20693
21328
30943
18260
49194
40683
20799
16832
42715
37080
38936
19139
48083
30775
17438
39604
27550
40736
24824
39682
33437
28587
29378
14338
40269
31196
17233
39245
27214
41668
24203
18100
13460
34461
39086
20663
47159
14835
36628
20898
37844
32287
36134
23266
34340
36744
26275
23811
20662
16571
21092
39008
39418
23785
45773
19204
29174
45742
41456
34226
18680
37396
28055
48809
49728
41685
14768
39271
41070
21569
42813
30704
29990
14168
15161
18613
26735
15041
40389
48575
42326
48592
22867
11905
45259
12062
10139
46946
29690
18635
43635
37827
25419
26773
10863
38770
48931
27234
26007
21968
33877
48805
28592
45971
22025
40562
25897
43892
31078
31942
34875
27210
23846
13949
11913
11318
41857
19417
41492
43616
21550
45013
48596
23079
34098
42264
44824
24406
27908
33643
28060
13588
20785
38064
48274
16574
31563
11216
33216
14359
44411
28150
36477
27084
25816
32637
19452
44962
33589
24148
45034
28782
29402
35504
20600
33517
38148
20883
41195
38321
10907
43271
49650
18709
10375
18918
24258
30939
14431
43727
47938
24665
14294
36068
30694
18420
16269
29113
24748
33268
36603
48778
12083
47524
42762
19205
37183
42983
33853
20284
42754
46394
15169
18961
46751
46069
33266
45635
21180
24295
30870
21753
13033
25974
31331
42378
20027
37437
31289
44053
30786
34502
41749
21038
17600
17658
47393
25558
22399
49896
47160
13002
44515
20060
31724
23510
47846
48607
14486
44678
46456
40698
10281
23589
23711
32511
24126
23581
44148
19330
37399
33840
15678
43348
31718
35605
11798
31911
46790
13427
16162
24077
12965
36926
11859
23100
46035
48620
45270
39567
44390
44880
39219
29874
36134
17392
25058
28603
25795
34222
34280
42047
35067
45169
38218
32750
17755
34106
49216
49581
46585
42047
28520
17588
46717
49532
26353
37207
22959
23527
48180
13260
49022
26825
44153
30765
17205
45385
47958
37046
47861
36269
41172
47851
28408
29342
10831
36302
12979
48716
15598
29596
43188
49140
30987
31820
49248
32252
45097
48328
26905
31971
49228
11976
42898
37951
19047
36741
27075
33312
34355
25880
37546
32642
18059
23775
48940
17634
11842
25148
23782
29691
13001
25317
19894
37712
33992
33663
22403
12491
12171
41232
46612
11907
16778
21554
33436
38528
11408
43146
26515
17609
33918
43410
22673
17587
26521
25185
13808
47580
34931
43730
36151
27860
45196
25987
15046
35943
12244
10354
32487
10718
44248
26453
15403
46569
17660
12564
25398
18069
15275
40261
37266
14297
45264
14498
45326
41868
21429
37772
12963
34554
42983
41235
31571
45732
45089
32124
26844
11351
18704
23819
38990
20391
47048
26917
26820
22357
32563
15978
34639
33658
26836
24977
14035
27386
48753
46476
13688
43143
10735
31798
13716
43300
47724
36759
37769
30348
26023
27729
15539
42339
21108
25827
25840
13262
13549
12445
26980
11380
12036
13832
14732
35600
47412
30744
28513
12682
49313
18611
13941
43638
15362
48799
40472
37875
24059
42892
28887
24403
37514
11193
30024
16346
35426
28888
29463
20335
16028
23452
20377
20068
37384
49976
14105
20625
25768
35243
23423
48301
48467
22410
48339
41410
12588
22263
25098
49343
28639
18635
28847
32677
23779
10275
43420
41898
41211
30988
49671
48345
41295
31331
33939
24975
27846
19854
21619
15669
30236
45420
12036
21705
10550
38598
24326
38291
37293
46393
25525
34991
30141
30677
49772
42853
27497
15279
46904
27073
48419
31849
31484
43749
39610
16668
34276
20795
36252
15269
30903
45202
27981
30158
16061
18620
43257
43506
26083
31650
28170
10761
26272
40459
15978
18837
47573
27549
44457
36000
21123
32926
36936
17355
31670
25657
48329
25505
28753
46697
44010
44827
31184
23011
46463
24755
47602
14912
39623
46187
12379
43690
21993
18741
25415
15761
37645
11480
48894
46403
48305
40171
19905
48911
15020
40283
17591
31793
44189
38471
33373
20783
12024
32865
11216
40268
27575
27546
49576
30690
19433
20852
23426
48605
46015
25109
21082
47530
33477
12581
18409
16379
49361
36272
21959
32050
44006
17839
15070
37927
36568
12630
43698
45722
13578
34670
29232
43681
23843
14763
48557
30210
49294
39512
40270
44579
35230
41753
45048
21126
32402
40428
47960
41125
21379
40493
44604
15402
41078
44844
11031
22610
42720
45443
25684
13448
27198
14096
26954
41228
22184
39754
10901
31241
41016
31405
47501
48365
15985
21577
25423
13490
31796
38553
34988
27261
18055
34449
23253
35704
12771
22264
36712
30305
17924
25730
47203
49295
13943
16178
31695
37505
44113
21507
11231
34396
36980
13761
39625
16792
42514
37927
12327
46519
39695
33414
13752
15235
40865
21436
22401
32915
33764
30493
27742
25193
17841
32618
37947
28506
23360
25912
14563
41722
49974
47359
41404
33868
18097
21753
23248
30342
36478
18927
20040
44066
14054
10287
31591
16325
34485
32964
19524
13923
42011
11321
45728
22724
21045
41172
38350
16443
34906
34782
29908
17483
34545
45662
43972
29731
33389
18039
45198
26194
28871
26370
19992
20942
24424
49827
47507
12702
11279
15351
31547
23934
44772
14967
20379
32992
22534
36331
32074
41191
16314
30341
21331
21051
17614
41966
47716
43651
29732
25532
10900
27766
22892
34380
19572
33611
32019
49407
46912
37294
31791
24569
37414
27367
27489
40011
34169
26833
33058
21918
16757
16667
43676
31845
35292
37725
17132
22845
11012
19691
12170
40706
30884
35712
36876
31210
20608
43691
18945
10624
27385
46349
16471
16326
31437
19191
46268
30076
31866
27926
45286
44141
30578
26488
15848
33851
44130
45558
20854
14731
12222
44274
24825
34424
30333
23147
37037
15845
17553
48869
20099
44640
12132
22140
46222
14207
34335
37946
17488
26157
35296
20947
46707
25484
19066
37520
18695
25149
33353
42053
22775
45228
11263
11037
20606
29325
46888
13418
47788
47825
43436
47868
29325
45677
30150
35219
39699
35673
24720
46123
30439
32385
36908
16921
16421
16433
17031
27097
21493
18447
20483
38092
13304
21614
14279
24312
26212
22491
26443
29297
48032
32146
27981
28606
16213
43246
17893
18507
26924
41959
19706
32250
43435
37691
23151
16125
31260
11072
16999
45192
40945
40240
12119
30448
11586
22512
16983
37865
41357
10666
25480
28941
26749
14734
11968
22506
14170
18417
49745
36497
40147
40915
44192
29449
29647
40277
28768
37864
13328
42893
47313
33832
33430
18346
30879
22272
38646
26581
42543
12282
34045
16377
36366
29555
25982
49339
21075
16239
42337
13550
38591
48149
47415
25273
41016
34870
34367
14285
10199
49739
37289
39321
13298
23811
20217
47424
46989
25248
32629
44846
18690
18817
13203
28162
31531
33498
46953
36461
46162
46425
39972
12234
28304
13451
20105
32300
34057
23173
28041
49711
21109
28669
44095
27662
13755
34900
44963
21467
14233
32564
22490
27007
42931
12155
27260
30170
45001
48352
24666
46662
22647
40835
21006
25684
48637
42696
32853
26861
43721
44455
11978
29164
18753
25324
19976
36185
26541
34126
29887
37462
18605
34769
35940
26070
27690
35367
38001
36324
32575
40971
19092
42978
49926
30102
36104
37653
31121
47322
43112
33887
17310
40033
32124
25637
35205
46143
20637
11737
13691
26010
13844
12194
32215
21115
34006
14830
22984
12072
18168
20342
15158
46474
11684
36662
42290
25839
22374
32770
10154
14475
23162
48816
40338
39345
31287
35374
42031
10617
20937
45399
10519
14922
41421
28348
11252
25704
23140
17559
13473
15374
14907
15294
25378
26976
21228
49719
47428
34811
24735
39996
16694
42122
35777
10234
19458
40976
38382
30363
33666
40470
45148
43081
46930
13590
25321
14472
18546
18376
43133
37110
35514
23288
22467
33843
27024
27086
38677
22410
41311
45975
27958
35554
49546
47930
17586
10962
19834
10756
36969
43048
15889
22608
14955
15286
24447
11383
41099
41586
31100
41451
36991
15470
44470
49307
49918
25671
47875
20667
48342
30074
30799
28727
47051
16959
23857
27150
21073
26018
27956
44082
23048
46870
39427
22291
18851
31954
45629
23526
44209
10212
36934
48386
42160
45187
45552
39357
26338
43847
40783
21662
34574
48342
31440
25071
28241
27286
44468
26834
28007
22690
26620
14196
11756
49349
47762
35833
25281
27770
13346
30491
42943
34861
37842
26303
33989
39003
42802
25240
36612
37364
39374
16919
45271
47145
45337
42652
41189
24695
31405
48049
39637
13020
17661
23824
42851
44121
47936
23690
16255
41518
45838
37539
40279
43870
40392
27458
44564
20416
22562
37450
45963
42844
43942
46049
39688
24117
43970
30158
22182
39871
28165
25771
21021
42836
37975
15587
37400
30721
14803
17823
20170
20694
28725
22255
23063
33606
20941
31367
45943
32090
35307
25769
28291
43154
27618
26062
28521
48269
46142
35959
14080
14553
15950
30597
36186
40247
27694
33928
39093
27389
31031
15237
13048
11427
12766
49232
13458
26691
10996
23023
43442
37529
46404
24789
39247
12639
49059
41875
28491
21556
40388
35760
45175
11096
32259
28663
17685
10620
25077
32898
43061
37842
49342
39876
34716
27900
39732
21684
42493
24469
10458
47501
42561
39075
49407
11696
47644
38416
38328
46454
13794
15627
31086
47701
44320
39538
10692
30279
30736
30270
27946
29515
36961
11902
17314
44128
12320
37740
36670
36238
38178
17632
44119
48335
28835
31048
25555
21106
33714
25638
48573
38726
19184
20448
48450
35782
17194
16341
45818
47243
48330
49815
26937
31755
25569
15227
36264
28457
48995
28816
38063
21232
13606
28074
27555
41573
21613
35493
12237
29624
45871
22632
21718
23862
32270
29799
40365
20685
35122
40645
23009
10613
17036
48734
46840
35671
13843
27286
31892
30361
38464
23128
46699
42654
37133
31643
25500
49741
47551
12986
13576
11273
31079
27096
34481
38313
26418
45584
48929
36697
10643
41252
49013
19502
23892
18982
46457
17181
16190
44944
13684
22981
29559
30439
13920
43846
38011
24054
39828
23405
37136
33616
38986
33654
33507
31585
25043
48530
28760
40857
34435
15414
16352
28597
13002
26096
19772
41496
26675
39913
12121
34588
19495
21527
41797
12594
32529
47202
42777
38930
24772
21222
11773
11201
37502
34410
49742
17273
29159
36564
20439
47116
39107
11553
15117
28223
13315
15514
43001
18294
28204
12030
35531
46025
13448
40611
16024
26871
17703
10495
19257
44533
33814
15448
15734
11749
36435
39746
40474
28615
39513
28697
33494
25651
24192
25995
11004
14640
47131
12567
44580
47573
29121
46972
17582
14816
44649
30733
13209
20854
24527
25025
40684
22780
35097
19186
49019
35612
45440
11763
34438
40685
10606
23733
13665
30400
18567
13284
47442
37537
49990
10292
30484
20967
24555
39346
19078
30797
49190
34573
20846
26097
28662
34008
45854
43849
33785
41411
24619
39338
15114
37813
20727
40975
49911
17313
37329
39001
38540
40957
44661
40601
26257
41815
23055
28502
21092
13766
27751
45471
27406
20347
47277
45331
15868
25634
13730
12680
45257
46863
37161
20273
34611
17622
44303
34289
11413
19911
18513
11728
10463
22763
20803
27636
29972
24011
11999
27346
46584
34609
37453
32918
18553
49331
47533
25413
23814
20810
39577
13481
37515
15186
40104
30479
40444
14052
38563
19907
19918
45770
21745
15577
41615
37628
29057
33006
36298
20869
17109
18946
33693
16441
43832
49991
44416
49406
48143
23529
31448
28608
11135
39755
20150
45748
16251
32851
25203
26009
38278
22462
33205
20917
19514
11329
37825
27505
14819
12440
16724
29162
22545
39152
40558
33876
28832
42709
24519
12003
29641
26635
19879
25464
44118
14382
39952
31136
35972
39336
30978
31916
13552
44362
34377
11787
39122
17361
25496
22768
31059
21501
35180
44796
10134
28581
35057
33648
39949
23479
47454
22342
26629
19900
36466
48029
15773
24073
38031
10039
29575
39505
31841
17233
31148
16233
29224
41799
10158
20838
18471
35919
30045
46569
17981
39466
36129
19668
30191
38568
21741
48296
44580
42377
40380
22865
18987
37764
28866
46319
48418
24974
27990
19285
42712
21662
24735
42326
13226
41260
18842
23315
20888
46348
29554
28539
22479
42807
46272
49480
35713
37568
17924
21248
20450
18057
32692
20967
23577
12748
17303
30219
40476
39497
15512
13964
15467
48682
45055
42579
10072
40907
45276
11939
43862
40213
49702
18238
36195
38906
49814
38330
27345
34425
10608
13447
32121
41778
16656
24602
19551
12025
12705
32666
20127
20394
34906
30104
24966
25296
46089
32031
48217
38526
24696
39617
35321
11872
37786
37176
21358
43343
21746
22790
31146
10472
49274
13971
12035
23576
17030
35141
18613
35930
12944
30252
13489
47053
36010
30418
13638
29448
21625
31129
47283
42046
37982
11621
20867
14754
31685
12202
26417
19020
24010
37762
26810
31714
35601
34218
17520
15683
44335
19314
49105
28623
39198
14365
36945
30814
32429
31076
14933
26023
23122
31332
46020
49458
25491
33199
36503
15414
39934
45389
19479
41393
34684
36933
40549
21472
13329
30802
19433
24463
26851
39154
45957
28400
10433
20230
33734
19747
10655
31672
48653
40756
38247
39992
15490
32421
12465
39113
46204
37456
20510
10755
28662
23774
26018
23597
48924
40031
27150
26133
13756
24652
47588
38091
19490
37012
40071
47305
29639
49324
45932
22195
11209
25171
13839
46213
24714
41204
47054
36303
21639
39074
17700
19254
11025
36953
22240
15925
39132
44423
42863
28238
15468
27668
43246
27194
34051
37582
36137
13170
15904
20103
34589
29551
12820
48620
45341
46243
18444
46360
23495
12262
30746
37039
14766
46780
32327
43585
34458
15860
33262
45114
26064
43710
19222
28332
38083
27491
49247
25936
10638
14903
34350
35235
19130
30312
17035
28075
37557
42493
45013
10313
25781
31742
25291
41991
34686
10692
34475
18722
19338
17186
37002
19974
24369
39136
41876
24892
29589
25668
22410
22334
10736
46134
24954
34263
45830
11925
41091
33431
43136
32774
48344
24507
10368
43108
19969
49882
34595
14239
10130
35492
32270
22863
17356
12333
14572
41130
41604
35252
43549
31942
11617
27755
44866
27270
18786
34970
25277
25774
33302
35936
44560
16978
10175
37401
28960
15909
30163
10726
11453
23778
37901
37845
34908
47895
10603
42366
21872
26942
42965
32500
21264
17786
45086
36228
24896
16784
30489
49296
47061
36013
36677
32127
17235
26304
11449
22109
24822
38277
24641
19629
46876
13415
34597
16192
47684
49679
32139
28663
28149
48197
34285
38532
19657
12239
18740
21588
30117
44563
49061
32785
16229
23311
18645
10786
30753
31319
38550
47641
23836
23886
23147
11271
49693
38503
29326
20483
17446
36338
31319
28456
33566
39760
43355
11114
43981
16669
20758
13410
34233
33305
42200
23391
30060
48054
10397
20488
29378
20526
49826
42630
30874
34530
40234
18277
22000
37237
11074
20827
25396
25851
49399
30050
25754
21336
13406
35322
13469
48594
22999
34220
38017
47934
45954
31789
29473
28046
21234
33328
14557
10979
41200
17687
42913
47987
36704
33861
38191
33195
22914
39401
30277
48067
29150
23945
47855
31976
22584
31086
20416
17898
40733
28121
16534
14372
31942
16058
11094
42109
22798
47582
25284
49864
47198
42640
27253
42923
45101
32451
23497
27254
20758
44722
49870
45398
48814
15573
26728
23427
12815
38109
47785
24498
34001
30573
33414
12908
20236
36143
42887
40374
30706
18752
13745
11700
41036
16970
30864
27312
15886
27402
17251
29516
28619
40503
41266
34109
32035
44560
16121
12727
12548
12779
31669
48194
28375
24985
22468
29811
31560
18665
22261
40279
16215
22768
35099
12683
32221
10633
43459
19044
17441
29287
34974
46490
37266
13263
29526
41359
16227
24614
29616
43163
33256
27760
47865
47471
21718
28774
16821
33215
47038
44727
34916
41107
33281
18747
28919
10121
14236
42014
27376
17378
26981
47561
34534
29707
28390
14867
48770
43644
31477
37508
16928
48827
11373
19664
48597
38847
18306
11120
42414
24719
21233
10014
21964
11581
15387
27075
24363
47116
35122
47004
41286
11967
36349
23136
33663
48998
11817
20765
41543
16938
26783
33450
36519
41137
15372
36715
33666
40955
28398
47101
14057
11517
27630
23460
44739
21034
37469
13513
37378
45151
42342
31011
15670
49588
30305
48330
13298
48675
24780
45535
18874
22958
46585
22293
39750
34907
10194
28804
28903
17997
19531
41765
22300
32483
33205
35886
13040
19824
16451
30372
14147
18591
37116
17295
38881
47570
49926
22063
43887
36612
37253
39851
11658
25028
23091
20555
43848
10681
20326
13880
16647
24422
23959
49264
44979
44077
40923
25451
45797
20286
33826
30856
11946
21239
47801
13782
43763
26638
32987
43241
36594
24320
44188
38134
39749
35650
47201
38468
26924
39201
42333
15116
31675
11213
41316
31713
26320
27726
16684
44044
27714
10578
17012
44335
28029
47202
38631
14168
28605
23121
47729
32888
39948
23443
39474
21075
15916
28351
27253
19513
20998
44787
23908
31004
35229
32686
26600
44924
45565
20431
25050
16520
34916
46585
38510
11161
17418
45686
45828
45315
34253
45367
36475
23627
19103
15487
45383
45398
38143
21624
19365
46947
13266
48778
49713
28511
10658
42933
35427
19598
40844
22317
22884
16879
19201
30193
34083
19837
21344
38181
35931
49847
18614
40558
48657
36455
31619
27651
16105
49734
25364
34581
21421
25362
15424
41592
47126
20295
46273
49610
38479
36731
42754
46010
37723
20197
16629
25136
31751
21720
26372
37709
34478
46987
41699
40615
40256
19485
29138
48212
18116
10854
37439
19557
31472
14586
14257
49500
46992
25279
44504
14410
35057
37759
40599
36769
40376
17354
27112
33932
46260
21436
14398
35227
25063
37620
15020
23612
13847
25684
18700
34602
14986
10790
23952
45743
45935
11068
38126
37349
38098
43387
32095
31790
30474
37772
47293
47366
35118
34314
22181
30095
32750
33822
17273
22395
30796
37194
39574
44828
37064
40834
15857
29549
15703
40362
46636
44793
31135
17810
18782
20931
44202
19437
20433
28366
25035
44486
32729
48682
19399
19499
18628
41167
12211
31763
27907
45557
41060
43807
32334
24404
46224
35244
11775
41303
38616
28601
40637
18189
43326
16325
10931
35347
41392
17556
12363
14485
15250
20390
32262
25079
26281
30505
32163
14570
35046
12705
32818
21943
41444
14412
26670
28239
42390
42032
15758
47948
38839
30606
19943
48658
39773
39610
13389
11225
23173
23693
13453
21990
19305
16275
20086
21079
43659
16965
20708
44699
45480
31108
24462
31010
39152
44136
44556
38685
13720
11161
20617
23443
18537
34621
11755
28519
10834
25109
15862
14136
31964
39628
42333
20606
34405
28033
26663
11187
39203
38034
42100
28405
11964
36714
29583
26599
13283
35124
20900
42668
26693
41622
16087
30683
17554
29066
47615
45873
44250
39492
18667
11040
31480
17941
40245
26174
43946
13707
25083
21639
12555
22422
37292
48406
34913
29294
35640
42945
18179
46384
16638
35457
38478
17234
41000
48253
37367
14366
33907
14917
10514
24458
22667
31850
43097
34401
19212
48524
41218
18355
40000
19060
24097
38884
35192
16494
20088
13832
33283
42300
43292
16322
37707
14144
42038
49077
14852
17178
45208
47545
19232
26906
37069
27657
16325
30384
20739
45424
22380
41219
33526
13162
49563
20101
35973
10133
17129
39035
32664
28915
42265
49908
29879
11778
47780
46782
48672
15225
46291
46691
48776
49008
35088
13556
45188
46762
49387
24443
43718
47781
15919
45587
33748
17523
39630
20241
36752
23083
47518
29831
23082
31012
22367
28116
19607
42058
49940
39548
33506
38093
44865
25224
16804
20095
36489
43422
25391
38388
20214
32926
10650
32142
28132
23925
32287
25779
21120
36734
11800
40545
26587
40267
27145
20258
25160
28746
27120
28490
42852
42021
10486
47047
12654
33312
15120
13637
27193
46651
48412
17904
12248
41317
16791
46055
31080
42981
12338
35923
23097
31903
38576
44112
44126
38019
37437
48999
43352
23098
18232
25006
41023
41678
18866
13826
25462
25925
12536
45495
10567
26356
20861
28635
40996
25175
12582
43393
23678
28391
29519
10499
41514
45482
40454
27046
45711
26417
14372
32253
22241
40307
18444
17778
45352
18358
38489
27563
32586
21440
18323
42095
29393
39637
46170
10402
33015
42935
33965
37450
25727
37960
23978
17739
22319
15684
23392
32561
41232
39480
45818
30494
42423
19209
37698
20434
40804
33111
47272
47465
28618
15272
34827
35558
16066
23908
26587
28052
33165
27693
19428
43530
44759
23127
22527
49971
15066
42302
25902
46523
16205
13457
14065
22034
39248
18126
40413
35425
13934
49113
29804
17630
17584
12469
43272
25576
19004
39276
10806
20014
12727
20877
21257
15706
31298
11769
29727
11959
35015
42091
34810
39959
29609
47002
36184
12830
48516
29730
14154
49807
38896
22671
26412
20278
20178
29969
40631
32509
38158
44411
12474
24967
10384
23785
38242
17451
29462
44750
48670
26791
46828
12951
33809
20427
37873
22904
19165
20530
45722
46773
48163
27043
13326
14940
29086
15863
19487
23136
29172
22860
47601
14437
20186
22562
22702
49382
34581
48499
21100
36468
45613
13031
33464
12770
10943
27455
11250
26340
41114
33285
24730
20331
10312
13661
48773
17840
38651
17836
38128
23285
20726
37906
43318
49292
23388
17967
38164
27933
25869
28084
11874
45758
14902
32107
24021
10080
16198
10206
24126
45138
20011
48653
10239
11435
27503
19498
37396
10378
42588
18681
43465
37846
29011
16012
29376
40165
44283
37930
33662
32167
44321
24290
47245
43987
38617
37494
30554
30125
16077
44189
28459
20464
27152
37310
24290
38839
47490
15264
10298
16899
26494
31598
15714
44613
14235
21805
22319
28771
28356
30471
15010
39776
12702
15818
31160
20200
43384
27957
18971
15651
14116
37351
11582
35731
12470
43046
12179
36908
46878
47791
15079
46144
35758
30077
43809
29123
22155
26700
39616
23526
22583
22814
40112
41712
43466
35356
10849
10230
31978
31111
28842
15970
26059
10828
47587
40665
10435
17108
30111
38797
16363
45810
33118
47987
20828
47259
48215
30926
38857
38226
41363
42833
11008
11507
48380
15037
19536
33215
44650
44227
19482
13079
32453
37180
17080
18544
18846
47803
38530
49271
16778
36083
17578
40848
21838
47241
31451
12962
27568
34033
12534
22161
11716
35877
43239
26448
15656
32812
43122
20986
29523
44169
17834
25664
48537
16750
18160
30674
29923
36983
29254
29788
10042
20026
42422
12065
13672
25969
28642
16531
35810
13713
19242
12851
33630
27792
32736
38235
47843
29991
49323
23534
24497
46548
44606
46999
11007
20970
49222
29850
39316
16050
12119
47525
41436
45453
48789
35215
19218
41779
38245
40304
26819
10966
14738
36275
33836
41912
10937
12791
42089
40374
29744
33817
30125
40745
45504
20705
41628
14235
13307
14998
13145
35993
29336
16443
17163
34645
45050
30060
14062
25294
33795
22085
48736
48367
46351
16079
31210
33632
46192
10593
17170
49403
47312
17698
17837
17001
18540
44095
47467
13818
37289
40276
26503
31048
27213
10441
47086
17981
35829
13559
22930
28962
38884
34107
30551
20012
37625
31471
21324
21515
37492
41227
22106
45757
20662
44412
11895
43656
17255
45108
12710
19800
23959
28318
17166
42038
30203
39298
36224
40318
25262
21169
16520
24062
10950
22511
13697
22652
30304
43904
10346
48763
48105
25776
45447
49166
44577
29255
48308
45178
46908
30189
45251
15647
18043
38058
35248
37625
25240
22717
14340
11634
15256
27077
34970
34937
28988
36090
41748
14128
27671
33525
38464
34051
19749
41878
49542
42207
23585
19362
28773
49264
41489
36385
36314
34085
10008
33726
21352
46903
25228
40967
48899
24065
14884
10090
42767
21658
30618
13129
11092
19273
40662
32790
12461
42593
47254
32654
18844
35670
32120
38850
18448
26970
30809
12480
37134
45329
26382
21946
17230
41842
37937
27812
32186
11664
18934
46482
14125
40310
46474
37025
21146
29108
18093
23000
45465
35566
25925
11917
23748
10320
34510
32964
35784
37459
43745
32268
29637
31535
30842
33581
30724
30543
31457
10476
15914
47664
19795
48740
29366
19060
38185
45046
34790
10528
20283
27426
39629
24221
47378
26970
35261
17955
24793
27167
22055
48580
47238
37670
34190
12504
11040
38668
26973
42870
12074
12469
10684
30485
40002
14875
35654
45225
34148
15777
48152
25689
46479
13679
37023
37390
18361
40290
46523
42165
37892
34297
33843
31638
17630
18386
12329
40047
14848
29273
46781
24104
46418
32240
34594
44494
10883
49149
37898
31855
41351
39545
34642
41369
42327
48573
12560
34099
20745
23533
29328
47589
26234
30387
47293
20687
47427
27697
28153
48906
22247
11385
44491
31541
34450
10708
22188
12253
26651
48084
44775
42840
20303
43030
49349
10221
18425
34849
15607
35886
14159
32700
37452
44241
42828
26422
35896
36976
46015
47434
47639
12309
14691
33567
14018
31115
34596
15909
32479
14437
48231
16228
44992
14101
14520
45239
16298
41507
24927
29966
47114
21663
10290
47245
44407
12559
12909
45204
29819
46813
24934
16708
45027
15970
47522
33151
12779
30161
28686
21354
29736
31956
24699
33651
17810
35831
31108
18448
25687
34332
37201
35814
16256
35028
36090
41875
39654
31993
16395
17143
29422
35855
42147
42424
24107
14574
41981
20352
47217
33458
27939
12783
24391
29365
23300
24538
36117
49961
43565
13585
40108
11636
15003
44561
45625
18850
21785
24702
33530
46655
25084
24960
28863
45143
27811
40672
47393
49607
41308
41990
46956
16148
36410
22318
30487
22423
33551
15603
39640
13260
24565
12511
23693
47878
43612
48013
17252
37823
39951
25537
49787
25458
17578
20149
49244
18147
47004
26063
10990
44711
20797
24721
14251
37168
17210
43849
10235
15777
35095
41314
41759
32517
35112
31746
17027
36699
26223
19717
31359
11993
39238
28429
21801
27561
25053
14326
30844
21255
19717
27610
39583
10880
24981
42586
19078
40959
23669
28761
39083
49143
42946
33777
32178
46387
37204
28102
29731
33881
41396
37042
44767
14459
39429
16132
13891
38590
17273
37640
26595
19585
14736
28545
21368
44789
23788
17896
23241
22267
36629
20215
42224
40393
49477
27438
25320
47912
25370
47755
31273
18310
29811
25494
23360
28857
39191
37945
44616
47762
18447
24757
39389
38758
11406
49893
16285
34296
27293
47006
32822
11441
48342
11812
16911
44349
19720
11912
14154
32113
38232
18172
48433
49424
17867
14006
25826
15891
33721
25381
42896
19238
25067
40661
13381
48329
26335
49318
40339
37324
44009
48636
32110
14885
46198
44616
40651
42167
27097
17915
46054
26744
38720
31167
36879
14954
33205
41811
36460
45089
33694
13949
24663
44680
49688
40411
44496
15774
33767
17142
49748
34562
42255
49184
10726
40313
31870
42447
43959
40602
43284
45921
45674
11601
44702
43732
23632
36704
40362
32338
17928
24088
35843
39646
33775
32827
12030
30251
13974
49477
48764
17489
36864
40465
49785
25895
45521
27380
44543
21074
21627
12184
36693
30557
18737
21386
22465
48642
29744
25239
40511
36268
27227
15886
24833
36660
35680
26442
28871
36136
25472
35057
21908
16211
26429
32642
26379
12219
23600
17940
32609
18112
45822
35001
42740
39176
24835
34961
12910
39396
47914
42487
25391
41471
47922
15561
46222
48621
49223
21025
41961
12107
45938
41259
24378
14210
42234
13192
26566
42675
15649
41173
33034
28614
16681
30377
27319
16185
40427
31783
24741
24342
22925
27525
29059
26928
41965
47056
36439
14142
22695
29476
13629
31291
28956
36098
40982
42848
40553
28045
36000
42956
25360
34376
40492
29660
26424
37536
28832
16335
31288
23482
17779
11911
40858
28960
20989
38900
35462
47879
31035
25684
27222
15853
12403
22015
34254
30293
35172
42196
14834
41904
21850
11402
33330
27321
20879
30359
34984
10044
44294
12841
37734
27244
39572
48212
28667
13135
49217
34247
27342
25649
49570
16117
36943
31819
45102
45267
28007
27076
49238
41339
13312
46326
40592
19237
12764
32000
30178
45394
21964
39278
20134
49578
15803
20864
10710
45627
30628
38118
28184
13684
31047
49511
33237
33058
22013
48415
38790
22873
40177
12344
47661
33604
42528
34395
21128
43807
11311
42903
35245
27315
25320
10986
32404
15104
29856
22546
31488
11370
31171
30547
24358
29737
42419
40710
39338
13260
29794
23370
14835
26432
10660
32973
43169
43327
44907
18032
30946
49755
28191
30044
12055
11688
43068
38899
34237
14314
26757
29728
30721
17473
26128
27744
24817
24958
24816
47839
10816
44315
27537
21155
38822
23937
16385
28589
39317
42311
22498
46782
40517
42254
10972
45560
47820
26543
36159
11888
16602
35677
37181
42047
45619
31303
35890
45779
28331
35034
18125
29042
48590
23984
18968
14701
24563
36865
45874
13248
13222
16026
42296
15522
20387
13513
27403
41057
14385
43588
42695
19261
41341
42607
45198
12294
38209
15261
43542
42808
44398
46110
17843
37017
11159
27509
11720
36166
35270
23930
16458
19863
16560
27539
13964
18317
44386
16481
36759
40169
21084
42419
16491
18401
21752
21069
11073
12434
31689
40919
34059
33427
18295
25103
27878
14442
43693
14064
46067
26762
15918
18975
35335
13454
42670
29703
39924
35650
18118
43775
23348
23134
33604
45966
49898
35358
19491
21825
44572
39200
26570
17517
24239
16448
47642
18254
45287
24069
42703
39864
27777
39129
45997
34660
13187
12729
49832
26800
46578
34520
37296
36856
36149
31120
36551
14893
39551
20288
16106
29046
24875
41453
34647
16703
14015
16215
27221
45041
46585
34155
39405
20677
11542
19488
49517
11354
38580
35693
34699
33165
31914
35446
35461
43258
47802
11434
27617
35642
34731
40567
18161
21859
29652
45271
23634
25312
30673
28806
31332
15926
11996
22155
49375
11088
40144
48592
41744
42089
12635
33938
35484
32076
37260
17470
27625
28539
39980
35078
23963
11504
37946
34214
15234
35845
20533
22957
42278
33344
39639
27826
43612
38080
26601
12739
35948
38506
25885
39047
47385
41587
16495
45252
40321
48056
36332
37617
13589
14946
29476
24938
37354
14137
35304
38720
28263
27663
25673
34173
32562
32011
40145
38253
42499
49633
27696
49331
20044
35929
39776
30892
11389
38080
12753
14873
36838
29468
19181
42408
28790
43747
48529
35833
20708
22461
49843
46992
28036
31017
37498
35334
36740
31901
47761
27832
25446
10499
12450
34145
12640
47711
27183
11162
31159
12080
18759
17365
37127
31435
38854
44400
36160
10717
16641
45682
22036
34751
49416
43020
17755
34103
45433
31728
12498
44962
35747
40706
26800
20349
17910
10012
46413
49734
10974
29702
12634
40455
39729
28813
34653
14641
26389
47358
32968
41173
39072
17999
33338
38277
48092
49233
15871
49179
30986
49725
29523
42219
47301
39030
10136
13073
32810
19097
11867
43221
30321
41751
17284
41391
18236
25739
45366
15255
10830
31911
34211
33486
12713
17229
47298
43345
10243
42795
26393
40563
11414
11530
18149
16443
36374
10178
28366
25219
42570
15855
18916
44231
23661
25043
19211
15593
22765
38201
45040
18608
44702
16572
30007
40004
42996
40815
32644
12875
13932
13493
33215
45916
39605
47043
16966
20971
14999
31073
39946
38300
32037
42427
44459
29519
25791
16766
13606
26377
18851
37392
16208
39602
31435
36856
34389
32467
38544
33362
27414
31917
31136
39786
35332
16389
16857
33513
39959
26186
48778
28424
48817
37625
43043
21325
15760
14507
10431
44349
21187
10700
25504
44776
29385
41340
42637
28451
36598
23588
22125
31219
37724
19697
35974
11890
29793
19338
12387
23707
48711
20970
49139
20564
26985
30688
39740
44870
16654
47580
45723
19838
20023
31084
44801
26646
22324
44682
39350
21741
47661
32405
41902
30668
44883
11138
17464
33049
24417
33962
32169
38387
20962
13151
10161
46987
12405
15875
27315
35225
36106
18033
25456
46436
33240
31786
14305
49374
14260
24130
16180
32315
32435
13109
44398
26150
43331
37599
30226
20379
21711
39850
47258
20467
17356
41407
29599
34670
38126
40351
46494
41036
18751
13948
45676
47858
12361
49415
39238
21474
25492
26969
28325
46125
15735
33368
40386
13882
45148
41099
30923
29686
17773
16328
47863
31269
44062
26042
49382
28855
17781
34904
22125
45889
48464
13159
22541
14033
25869
31324
20897
49140
10780
13839
14962
28323
13442
11425
38594
47332
13265
25433
40917
14592
12820
14554
20367
10207
46129
44907
12935
42837
33197
49662
47075
23189
29425
20903
36095
32978
20506
36003
36158
13281
43621
28279
38757
27877
26555
43716
47416
45344
24253
43188
23550
34740
41824
23908
43994
33768
45132
30890
26151
47519
43841
10131
18292
19619
42146
24209
49582
43431
40589
18193
34670
24059
33347
39749
18466
14402
45611
21736
28016
17108
43766
26853
41292
46879
11186
35291
29071
20762
32188
39022
19793
21967
30034
36663
46126
37993
42419
42510
22198
47247
20638
21330
29110
27289
31052
47275
37010
22442
29833
23339
16981
20816
43625
41383
35947
19908
15847
17489
33099
37724
14971
33255
43097
16179
33220
42063
17766
29337
36220
18617
35053
41887
32772
37885
44911
18593
40857
43924
48150
40999
20779
34471
14760
26657
23531
11931
36259
13371
47099
30663
19732
13472
42155
29193
48694
15247
37329
14468
28739
24443
23836
13144
41040
21069
18042
41979
25873
45862
20643
23700
49003
20710
15197
44998
16990
22770
43226
47878
24501
34716
26924
27261
35068
19775
49660
33441
44604
14903
43744
18944
34411
36457
36218
33371
17457
12549
31379
29187
26898
15189
21456
19009
24221
15607
39756
40270
47799
30684
17665
26803
25147
24004
38657
48454
10344
28605
48794
38132
42191
14021
43689
23077
13748
39130
33006
39613
23275
23597
29072
29820
14109
38752
29278
39883
46836
43300
32529
25973
18974
33192
23726
25254
43763
43862
16514
35873
19071
20657
13476
17393
30209
10326
19899
12686
49388
18123
41846
22877
22162
26465
29789
24067
20853
25584
47373
21752
47207
12065
23761
36690
39627
31936
38562
10296
32486
43190
16056
10465
20913
39862
43270
35580
14969
20715
25553
17424
29911
14876
25518
37054
41181
40222
48064
31127
38555
21843
24784
25798
39607
32636
12427
24994
43747
27898
24857
20361
35174
13314
14829
46475
36218
30739
15016
26186
37062
10051
14907
41558
27832
43228
30587
26587
47103
30340
16939
49588
17764
36253
28415
21910
29357
45708
45784
45717
17294
32371
32511
14887
36411
16607
36930
38052
24831
30381
38136
13250
44428
19019
44916
18900
31946
31157
18661
15982
19950
23951
47742
41140
38426
21903
17181
13024
10162
32871
26564
10169
35089
46137
27561
25512
12899
49119
45643
11160
34765
27443
39138
32770
47926
23694
29119
15611
49077
33113
17553
14132
37489
40025
43046
47352
11809
48286
41449
15455
15764
42237
44085
20949
16753
48534
43768
35883
27496
45117
39084
41469
23262
24299
32553
15779
31889
15169
21692
19689
49847
14130
10676
33203
22434
38814
20128
14483
30053
37587
12158
22397
34408
12698
41377
34675
22993
37120
43044
15068
17969
43450
19547
36462
12492
41401
24031
29802
48601
46614
20221
16335
49158
30908
35817
26784
13304
11000
13305
22374
44803
25470
45919
48001
17451
18975
43672
44327
48143
46214
33766
24253
32556
46772
46589
32686
23183
36786
26443
28387
41614
25379
11513
30403
37178
38030
11896
16848
29410
35155
48053
39092
25781
42053
32171
13526
13183
27930
28764
46590
12979
32966
36253
15930
20086
30545
43956
42074
19689
18634
10024
34790
35182
38524
32890
37898
31678
49481
44891
46328
32517
16094
38347
31042
33372
18774
40077
32022
37644
49022
23734
30362
38844
13719
14060
18759
37751
36090
19484
13990
49614
30684
33372
13664
47281
17674
13049
47444
19902
45329
39411
38990
43832
37908
13187
45491
21079
44032
20541
30060
34052
48433
39425
24071
40158
32673
39653
20392
26576
22436
49162
21374
24886
39665
22821
24573
12307
43060
32363
15182
32734
23284
31807
17071
15435
42937
41394
18809
24380
46198
27887
22091
13722
39136
27210
42721
11343
26821
42038
14418
46301
49210
25832
25407
15301
14727
20453
16967
17103
46934
11986
11559
46786
14825
42609
24298
31076
26381
18459
30771
11756
43026
45122
11830
37207
16584
26447
36424
45248
10146
47328
49629
23199
22816
45028
16939
45242
47020
25452
44026
45468
46441
49608
29395
26018
35143
10189
24430
35044
14692
10413
33569
10795
34995
38933
21307
31867
36326
44760
21018
29708
13510
35881
15618
15590
42406
38866
41863
21391
39641
23277
39736
30615
34204
31980
44496
24450
31539
33275
44202
41510
21453
10423
43672
24050
25828
13276
31453
33152
28815
14562
33668
45428
38432
10558
17758
13913
18853
23513
19758
19610
45209
40728
25477
21155
29793
42036
31710
35783
48977
23941
37396
34801
22399
30011
18574
47102
27030
23846
20654
37294
44856
29565
16523
12834
49382
30899
36880
23548
33107
21633
18593
32282
39454
24782
31861
41159
35339
43614
43723
11521
49073
11988
38291
15652
23838
14972
17928
28886
14468
15420
49234
35435
47747
29903
45733
10675
32709
15633
43900
41869
40351
42862
30325
15811
27272
25057
20808
27640
43868
35657
24513
35963
45119
29812
24107
44193
32861
14365
41778
21801
47288
43949
12661
31463
46882
23619
17155
29135
40100
11571
14307
26996
46652
48326
19112
49169
24820
47146
13550
23120
20709
41417
27924
26949
22034
48340
35321
18174
18570
27310
37762
28080
29775
48348
19566
27331
41195
48433
30672
45176
37555
14543
46913
36681
11723
19035
16261
19404
43827
25519
41783
26120
15083
19162
40979
27165
47018
48944
15633
30007
15900
21736
11975
45117
32146
33483
38149
37954
19286
40567
26097
34252
37085
39881
17345
49645
23424
33506
22918
19871
18001
32846
27809
37425
46527
33132
36871
27370
30323
40544
27331
29081
21923
46908
33556
21905
42835
27448
44708
17707
46436
38903
48350
27184
30605
28278
49714
33183
43308
16138
37336
41719
45260
41663
27216
46262
37047
43583
14967
45797
26130
13703
48349
21591
18555
17474
49909
21674
24379
14025
47012
11450
47068
20186
44841
25054
41331
35143
33277
41524
38402
22715
20081
16921
19203
43450
13761
13806
23860
16720
49927
39907
17982
29928
35850
31132
46397
19787
33447
34025
41089
43229
21514
44693
37299
41108
40339
20122
28194
22403
48396
24146
17738
36153
26881
32037
17451
33374
44451
38732
14777
17969
30651
21089
15511
31381
33084
16190
33233
43009
10946
41616
20922
41031
23336
19190
38302
10895
39163
13491
44930
27585
10074
46453
13678
45014
22196
43461
39819
36955
36295
49057
42787
30013
17525
32537
43360
15187
22654
11498
17314
32480
27557
40954
43067
27842
34060
29285
34973
38258
21588
39797
17176
14138
18555
42964
10673
24033
18018
41171
18297
39912
48486
38925
14027
42712
19733
39548
34105
25221
36436
19152
17060
20458
12770
45390
28616
42647
14705
47424
39676
34550
43393
33850
38006
15363
22134
29442
26148
36056
10680
17051
12891
43094
14470
14208
26189
23282
43831
12529
41391
33106
37308
22403
49062
30328
29326
17348
25184
26610
30168
28782
35340
27695
10288
11644
44371
34053
25038
13978
34518
11919
44594
13398
49451
25858
45966
35478
29870
42306
12747
26581
46371
40488
49746
16562
49970
21981
28257
44366
44916
41262
10193
17597
37735
29867
16937
32200
17798
33076
22973
39681
49889
30863
11607
21686
30178
13426
12729
13592
45134
45484
49442
32852
19444
36221
25393
15027
19860
42131
29675
11251
18232
12566
14761
13749
28858
31039
22231
27200
27298
26364
21292
12847
35204
27795
27931
10689
38430
48054
13560
49824
21611
26843
44075
39560
48451
47478
20983
38847
29663
11612
37278
19122
36090
38692
45861
35581
42980
33582
26094
44964
13102
34269
43772
13864
19199
19164
41551
41083
35066
37719
11522
21246
40377
16961
36218
43400
17200
24881
32108
27317
36365
38973
49060
42357
26156
40584
27344
26870
38224
12709
22468
26846
40239
32923
17140
16617
37080
29617
33914
10229
44549
34178
47390
48688
15618
25550
30528
15924
15812
23878
26169
23702
42721
39649
41949
19061
49556
42838
38873
49772
25098
40412
39852
10316
15242
33350
38237
19826
36641
37402
46055
45979
32033
37203
41784
15174
49417
28888
18593
48232
11998
10766
34610
17875
48597
39430
29157
33235
27967
28441
16706
12242
28258
23534
26300
29584
22432
28648
45705
45621
19350
38308
43392
35055
44854
29294
15371
33654
26928
38305
42692
19450
20998
44694
31243
28784
12069
33742
12114
34917
46899
14956
19316
33108
20550
10080
31142
38003
39436
25546
15487
20266
45849
33433
32392
21629
17263
35265
33780
37061
48046
39923
45516
15273
29681
22874
47236
41292
23406
33759
47418
11412
11618
19618
29328
36127
37160
13885
20032
32561
16847
15912
46174
44166
49858
43796
40174
34667
35895
12281
40387
34783
39814
41550
44510
15287
24359
48446
10048
29323
13007
21669
12145
22649
25369
11606
22420
23871
40518
21169
17564
32214
32830
15527
36415
25619
13640
38661
15856
48980
29286
30349
26396
43226
36176
40704
23822
10526
13010
44183
43423
43196
46576
45015
49652
41236
16520
37143
30647
10955
19076
45851
21600
45881
33424
26165
27590
24832
45315
24734
34394
39658
18747
28485
40520
24519
10362
32252
48717
18324
15783
41520
15333
22056
29255
43496
36485
35275
13556
19148
36740
44310
17302
39718
29084
47834
20814
14852
45469
21518
23435
12488
43596
37749
28778
24959
19889
26811
13795
46146
29029
14458
36089
43452
22885
25637
22783
12668
21310
16014
47036
15245
46702
46432
25571
10854
17709
45640
12685
48145
49362
45796
21694
14025
46358
29740
23562
42201
44695
14192
14921
31592
21553
24901
40421
43860
28332
43238
33844
19815
27267
33035
18621
13857
24139
44045
33670
44447
43584
17488
27163
22951
29565
28342
22243
10786
19618
16071
40067
30148
19458
10316
23082
18592
36888
41032
20128
14570
34566
12060
45200
11715
14002
30127
44911
47749
13717
33774
40809
27549
26046
34455
31931
46572
49381
17159
47762
44783
14041
28484
32777
37881
20672
26846
30256
28089
20751
31342
34814
42367
46373
38687
31684
20241
14016
23967
48493
41352
18647
32478
24594
27505
14913
48976
11780
26879
21371
44825
36288
10550
39954
10813
38773
23979
16620
19799
36498
41740
37429
15203
28675
44147
29509
39576
19754
29810
16352
37033
45028
14952
25820
39907
48224
20861
29946
42786
34157
47595
14968
16690
34922
22239
18011
12824
49827
36128
49509
19654
23641
23217
26053
18614
25980
18937
14608
45511
34466
32472
48458
38224
23830
25076
29753
14755
33592
32443
40682
29851
16852
21461
33761
37506
41044
22778
12732
10736
25887
32825
40005
22922
27370
47223
49530
24985
37067
21772
24742
42209
34474
10365
25150
42783
46072
32189
37356
33883
15254
14572
26875
43318
24642
10292
48468
14581
21840
10742
35114
23613
46457
28272
37383
13797
18285
16018
41456
15051
20190
38906
29654
31327
39749
28805
12310
32333
39313
46116
18506
10255
36642
17391
39556
23359
23779
19207
32000
21792
32448
18590
10082
34360
25773
18051
33394
17495
18513
31035
35238
34382
18073
48031
49275
39370
22494
41337
37347
42084
34264
38956
25456
29997
48424
41919
22614
29913
40595
34004
36329
36539
22641
31092
39433
18725
26548
44025
36716
16605
24965
17852
14760
13203
14655
30850
35052
19297
45260
40688
13305
28638
36715
28371
14688
20644
15838
30356
31139
40370
29422
12366
31419
36437
44983
22678
35931
38473
29360
17973
49506
15412
29574
47476
48038
12426
44719
45411
12269
37573
33054
48084
49424
40645
32375
46131
10187
28204
17285
47036
27267
29516
35702
40014
29292
27246
34973
49475
24791
10271
14574
18931
32731
26125
14577
49731
25590
19502
29773
39554
12750
27734
30229
33586
30988
37922
17789
35226
23500
15515
48931
41375
21075
26606
40622
19645
49849
33260
19909
35939
28795
10548
48833
16783
13568
38887
11028
32328
47961
15258
28500
34461
27620
49838
13039
32776
43172
49326
16788
35942
31168
21534
42877
12698
37606
29036
43252
23811
44754
40059
22505
21077
47489
31166
30059
26090
30786
34646
19673
33910
11736
27434
44701
36409
43682
36223
39749
34822
32327
47176
43959
25538
35225
46330
49069
30594
48721
37033
20396
16600
39040
42024
30980
23684
15832
47791
25739
27760
11105
10994
37053
39251
23962
39462
48377
29372
43466
29920
12520
18969
31048
24006
47242
26279
15534
24468
36421
31831
39190
37625
48161
33774
27920
24603
48844
18176
47687
41015
42329
47504
23079
31538
24429
34532
49150
47166
10169
20702
22264
13561
23462
46292
41446
27542
10687
18439
37773
17226
26697
43636
26104
12734
16566
40770
15158
43916
45351
30391
24745
10562
30809
43450
38286
37797
49373
41848
32740
48202
13782
24288
35055
23309
41657
45194
31768
13830
31810
32154
25096
24168
29945
11013
12768
40112
48377
30754
19052
38019
17495
48887
46144
29545
48066
38380
40957
31728
43991
47844
47248
24870
15263
38136
15951
13783
27018
48575
36803
25371
47573
14021
33910
15179
24277
49157
36525
19329
23990
12506
16146
33099
13974
41640
30659
40163
17692
31344
36367
38167
45129
32464
44317
15253
18025
38707
26160
32697
14907
33795
17384
19799
19343
49142
43746
48873
49697
15243
12249
15460
23503
49086
31676
48509
40036
43513
13478
26134
30084
19752
28007
33431
38698
16092
46409
27366
16461
20175
46907
22839
48106
45903
38578
37797
20131
42963
42243
10889
49602
34390
11731
36388
21716
20510
18323
49289
18639
13740
34014
49852
18945
29312
42876
20143
37551
39055
29970
12854
26089
44815
44490
27068
19695
38826
39403
19352
47142
29843
27186
44534
19774
13912
13651
29016
37062
32356
40405
17789
42125
36520
43298
22893
17923
35469
39493
23894
33845
17817
40685
18702
36695
35441
29219
29837
13334
33352
21659
22758
31647
33645
29319
38600
28208
46323
14112
27833
39921
16495
12287
40578
14455
46705
10917
46137
15204
32277
33324
24871
28886
16597
35098
12037
42575
14653
34690
26297
43767
39353
26772
47114
28835
31284
11234
22256
44614
13475
17647
37517
21142
33447
35948
31730
32095
49142
13664
23756
22711
10115
21874
33885
45421
23675
20231
37699
16226
13901
11907
36912
32637
18552
13569
11828
32100
47228
31537
35872
38773
32662
11306
33824
16447
20036
17163
15663
22074
18160
44369
15989
44071
24047
11899
19105
22810
48552
20499
15365
26655
24867
30072
31547
18676
31797
18384
41340
22022
49357
10148
26323
21935
17658
23343
15614
15579
33547
21757
18733
46471
37963
24385
29344
33545
13256
37909
35770
19875
11223
35844
47567
20792
43917
11189
34571
16546
23155
22744
45606
36698
20347
35122
21302
14950
11280
34666
23582
25243
21148
37791
42842
21682
33578
24751
10367
23313
11279
35437
18069
40109
38544
49028
44940
25424
25451
25358
32174
30114
45941
31600
43864
46852
13851
45433
30031
39940
31053
11157
42461
11558
18423
27639
15474
41098
36058
44524
30753
20637
35853
46811
43369
21692
21729
16390
42210
13065
36988
40210
13682
26969
12878
30984
11520
25314
16896
34507
19292
32793
23120
25392
20585
30852
24118
46576
10176
45085
16275
37505
33872
42660
25622
42840
12102
13643
13172
48356
35128
17867
23358
12725
16267
25345
49857
20790
10778
24281
23355
36623
30207
16013
13699
36979
20580
28037
34449
10999
30454
38738
46666
11172
14955
44517
17129
17427
10576
21518
21089
41616
32868
39857
17039
33181
10669
39090
25007
38034
21176
41094
34107
35579
44243
49008
46343
19928
40404
43745
36330
19052
42946
40557
36164
45033
30963
25736
12334
19952
13064
36378
13366
39867
19681
17181
44770
39770
39555
40612
39976
49751
38271
32253
32981
40665
37828
34671
48099
45284
30542
11231
42417
22315
23745
39744
35954
23503
23032
34410
13383
19967
47800
48013
34865
39544
19168
40004
24971
21400
10161
18273
29772
48481
27658
45677
21729
24961
18717
32252
41481
35330
12085
43959
31400
34798
30993
18555
31284
47365
41411
13974
25379
46045
45443
17170
29483
16466
42448
13339
25708
38313
27129
15404
37960
15088
22308
40957
40176
33760
39185
23607
13797
35452
34729
23225
46352
13288
34768
13102
33903
16821
29712
49237
34558
49541
18698
25380
29206
11573
33047
20339
19987
39831
23168
10379
28555
39888
30774
20816
40972
24847
33556
16939
32315
33331
10876
26413
48160
47547
35885
41733
36282
34190
12785
10423
44528
21398
44310
31593
26407
12293
44979
41449
10308
23070
38441
40123
44020
28212
31361
20691
21215
28514
14530
43367
17476
26465
43611
13724
13041
45494
16445
49841
36869
17440
44046
17648
48703
22354
19475
47329
28232
11932
43025
15846
18975
46730
25033
37706
35670
32584
34430
30638
40722
16410
33498
11166
22151
38394
22264
19577
42602
14082
11230
34821
31645
12770
31674
49933
49249
42773
17902
47264
26345
38200
33588
35830
28687
26146
48702
16327
16731
22578
47479
45302
25544
45432
21596
17700
29381
35302
13553
14398
33127
49228
43531
28327
25839
48631
33566
29497
15482
38739
44561
20710
42338
15069
42301
15963
39617
29267
11122
31682
16497
28933
12153
24037
26108
44979
33471
28515
45779
29711
22208
12181
44713
26005
24380
49236
10272
48085
24891
44300
36944
46998
39319
41574
35576
30600
22737
35651
30797
44921
23926
49777
39741
26696
36533
19981
27736
47213
27916
34208
33876
47479
44198
22717
23927
13975
17104
41645
27957
30207
26423
14147
16939
41685
19514
31604
38103
47207
26368
34088
37096
32259
45706
33604
14624
14714
46930
16709
23324
39568
26627
30987
49314
43778
17593
48944
29201
15247
43632
32981
38378
26018
16664
44647
17763
32641
47636
26708
47800
32109
25728
30902
15567
18229
31259
29278
39772
39815
12167
16969
31620
44357
37181
42665
26289
48817
19710
36739
24601
35464
36392
47849
10347
42588
12277
37770
16618
21905
49394
40763
40165
48106
47104
29145
17835
40624
22235
17638
39390
21541
33950
36699
31755
42948
23808
30466
38443
37773
15933
32781
40502
35369
27783
24500
49992
45720
31242
39068
11166
28530
15208
10592
46164
49617
45955
31440
35797
45190
20703
32365
43211
47522
42490
45139
12473
43330
34302
25696
29102
13772
24474
23693
18929
29269
24352
11493
22386
19850
27314
19448
11087
24987
18021
36183
36677
33634
44344
36878
19634
16875
37459
37972
33812
35164
21503
40588
22805
47129
22902
29885
31914
23099
37549
44893
18405
41670
47732
24828
35856
24719
20176
35782
39029
10328
13621
34382
40704
16283
31527
30732
21127
12450
15430
48515
45392
29970
43784
42734
17309
30342
14978
44045
45075
26787
19236
47213
29702
34275
27699
15591
13706
43025
34307
23455
48343
22526
28505
46082
48876
34717
20650
21629
37900
32559
22302
27067
23670
10068
13177
26671
12176
47322
11660
27427
37365
19253
40496
39297
16389
32686
24131
27300
21257